/*--------------------------------*- C++ -*----------------------------------*\
  =========                 |
  \\      /  F ield         | OpenFOAM: The Open Source CFD Toolbox
   \\    /   O peration     | Website:  https://openfoam.org
    \\  /    A nd           | Version:  7
     \\/     M anipulation  |
\*---------------------------------------------------------------------------*/
FoamFile
{
    version     2.0;
    format      ascii;
    class       surfaceScalarField;
    location    "20";
    object      phi;
}
// * * * * * * * * * * * * * * * * * * * * * * * * * * * * * * * * * * * * * //

dimensions      [1 0 -1 0 0 0 0];

internalField   nonuniform List<scalar> 
4233
(
0.0705974
0.0703487
0.000248731
0.0587229
0.0116257
0.066901
-0.0666523
0.0587229
-0.0504993
0.062125
0.0164017
0.00394513
0.0587229
0.00825954
0.0538655
0.0727584
-0.0563567
0.0714808
-0.0675356
0.00367752
0.0550454
-0.0589998
0.0672593
0.057543
0.0137587
0.0151241
0.00306178
0.0550454
0.0179647
0.0492947
0.00814874
0.0493943
-0.0604385
0.0741971
0.0790329
-0.0639089
0.0705611
-0.0674993
0.00332246
0.051723
-0.0480551
0.0660197
0.0574434
0.0527167
0.0185945
0.026142
0.00665222
0.00309808
0.051723
0.0404499
0.0255699
0.0148567
0.0425867
0.00692031
0.0457964
0.0706963
-0.0521018
-0.0548558
0.0809978
0.0665855
-0.0599333
0.0702762
-0.0671781
0.00319382
0.0485292
0.0553066
-0.0357736
0.0613435
0.049507
0.0489902
0.0158405
0.0144837
0.0452242
0.0103429
0.00341926
0.0457902
0.00273891
0.0423267
0.0129798
0.0372306
0.0241129
0.00608004
0.043427
0.0440712
0.00491903
0.0787647
-0.0629242
0.0573766
-0.0428929
0.0459786
-0.000754384
0.0794316
-0.0690887
0.0678094
-0.0643902
0.0457903
0.0468101
0.0484068
0.0502104
-0.0241225
0.0482354
0.048346
0.0542983
0.0244663
-0.00554756
0.0365387
0.021856
0.053544
-0.00127928
0.00620718
0.0437239
0.00206639
0.0408949
0.00591524
0.0149148
0.033492
0.0311009
0.0191096
0.026939
0.0212965
0.0371385
0.0112075
0.0611405
-0.0366742
-0.0564493
0.0509017
-0.0199106
-0.0212435
0.0430995
0.0323005
-0.0755515
0.0742722
-0.0693443
0.0437239
0.0429613
0.0430538
0.0460156
0.0446995
0.0460485
-0.0301855
0.051482
0.0117182
0.0494223
-0.0594955
0.0228213
-0.00859377
-0.0824924
0.0625819
0.012914
0.0440187
-0.00822022
0.00125305
0.00374664
0.0399772
0.0365846
0.00637662
0.0336195
0.00943423
0.018663
0.0273527
0.0312698
0.0134297
0.0262591
0.0197895
0.020784
0.030698
0.0641845
-0.0147622
0.0701607
-0.0473394
-0.0644097
0.0558159
-0.00182782
0.0569327
-0.0703794
0.0621591
0.0718504
0.0403313
0.0399772
0.0399961
0.040704
0.044922
0.0407824
0.0405735
0.0347161
-0.00401812
0.00482014
0.0593644
0.0553985
-0.0529408
0.0056014
0.00287514
-0.066382
0.0645542
0.0617529
0.001471
-0.00422288
0.00476775
0.0355635
0.00229365
0.0376836
0.0337574
0.00623871
0.032898
0.007806
0.0322927
0.0126293
0.0321482
0.00863416
0.0107146
0.0298588
0.0454307
0.0577347
-0.00989935
0.0692637
0.067731
-0.0123325
0.0624532
-0.0568518
-0.0627977
0.0656728
0.00175654
0.0706747
-0.0692037
0.0664518
0.0385252
0.0378572
0.0376836
0.0391367
0.0399542
0.0409268
0.0424882
0.0403473
0.00508342
0.0359696
0.0217652
0.0578316
0.0221524
0.0471113
-0.0730426
0.0607101
-0.0105894
0.00882097
-0.0664382
0.0681947
0.0013936
1.36431e-05
0.025873
0.0126522
0.0090986
0.0287586
0.00443243
0.0332511
0.0223372
0.0167996
0.0203849
0.0195693
0.0168587
0.0240681
0.0140252
0.0284629
0.00416822
0.0361791
0.041053
0.0439176
0.0593123
-0.00148068
-0.00145555
0.0485669
0.0653319
-0.00462177
-0.0652746
0.0546852
-0.0564536
0.067376
0.000818764
0.0707254
-0.0693318
0.0707391
0.0349716
0.0349893
0.033191
0.0332511
0.0371844
0.0364281
0.0380934
0.0326311
0.0114769
0.0247022
0.00166909
0.0393839
0.0455867
0.0578567
0.0638512
0.00293572
0.0456311
-0.0673494
0.0627277
-0.0126642
0.0109223
-0.0680664
0.0688851
0.00126544
0.00267273
0.00845148
0.0265201
0.023882
0.0111073
0.0046146
0.0285764
0.00212679
0.0311243
0.0217521
0.0154323
0.0178203
0.0186078
0.0176782
0.0204152
0.0177685
0.0148627
0.0508609
0.0424706
0.0485224
0.0594419
-0.00158511
0.0630359
0.000815291
-0.0093045
0.0549356
0.0624736
0.000254086
-0.0813466
0.0686825
-0.0683871
0.0793094
0.000498043
0.0695856
-0.0683202
0.0722584
0.0323335
0.0311347
0.0328594
0.0307032
0.0311243
0.0332526
0.0362859
0.0352779
0.00357808
0.0472828
0.0299719
0.0124987
0.0521005
0.0501374
0.0614508
0.0632889
0.0295213
0.0254143
-0.0649875
0.0652416
-0.00203722
0.00369498
-0.0730522
0.0735503
0.00227706
-0.000793824
0.01029
0.0220435
0.00780409
0.0233306
0.0198842
0.0129753
0.00594616
0.0247571
0.00401804
0.0271063
0.019103
0.0141496
0.0186667
0.0176192
0.0209476
0.0143303
0.00825972
0.0390231
0.0382317
0.0334463
0.0128985
0.039202
0.0447696
0.00536773
0.0534325
0.00801829
0.0561153
0.00717353
-0.00338702
0.0329083
0.0383128
0.0589416
0.00629992
-0.07265
0.0706128
-0.0661866
0.0698816
0.000900212
0.0718317
-0.0695547
0.0710379
0.0301742
0.0298476
0.0292768
0.0320783
0.0287751
0.0271063
0.0328163
0.0319495
0.000385072
0.038638
0.0318064
0.00642529
0.0256296
0.00781663
0.0395871
0.0413826
0.0588002
0.0641336
0.0661152
-0.00780394
0.0407123
0.0305089
-0.064332
0.0706319
0.00442622
0.00554957
-0.06913
0.0700302
0.00104257
0.00190795
0.0148337
0.0153405
0.0124978
0.0173498
0.0101652
0.0191116
0.012855
0.0192233
0.00600463
0.0227705
0.0271063
0.0106888
0.0221275
0.0233754
0.00857409
0.00273979
0.0358982
0.0345462
0.0320549
0.031192
0.0082263
0.0313608
0.0427703
-0.00138774
0.0585183
0.000281956
0.0629202
0.00121342
0.0602262
0.00588901
0.00928863
0.0314236
0.0387352
0.0632068
0.00742516
-0.0677538
0.07218
-0.0630691
0.0686187
0.00227644
0.0716398
-0.0706172
0.0725252
0.0273315
0.0281955
0.027515
0.0251162
0.0299121
-0.00332383
0.0260943
0.0237825
0.0307016
-0.00206967
0.0379679
0.0319966
0.00254955
0.0278088
0.00424614
0.0255999
0.00559214
0.0292911
0.052059
0.0571306
0.0632021
0.0614396
0.0690958
-0.0218505
0.0532742
0.0168846
-0.0684911
0.0759163
0.00911085
0.000127585
-0.0705616
0.072838
0.00102257
0.00196359
0.0134161
0.0139153
0.0110033
0.0171922
0.0107159
0.0167991
0.00754714
0.0175691
0.00848884
0.0214233
0.00573224
0.0203621
0.0237825
0.0238678
0.00683387
5.94769e-05
0.0379084
0.0320561
0.0303584
0.029846
0.0294599
0.0461757
0.0060535
0.0460055
0.0514909
0.0056397
0.0582016
0.00500055
0.0651072
-0.00366764
0.070103
-0.00100719
0.00725771
0.0460165
0.0759278
-1.1539e-05
0.0727328
-0.063622
0.0728604
0.0686769
0.00416116
0.0716198
0.0702506
-0.068287
0.024132
0.0249186
0.025681
0.0243463
0.0233013
0.0282572
-0.00206573
0.0224278
0.0217167
-3.46424e-05
0.037943
0.0301623
0.00189379
0.0277481
0.00261027
0.0262832
0.0035628
0.0242986
0.00516129
0.0461411
0.0575444
0.0532632
0.0638413
0.0701078
0.0664353
0.0749206
-0.00827594
0.0542924
-0.0733745
0.0733629
0.00505488
-0.000514061
0.0744118
0.0704835
0.00113629
0.00219647
0.0124883
0.0116437
0.0104088
0.0145098
0.00897724
0.0167038
0.00993478
0.0144115
0.00721881
0.0160825
0.0202837
0.00797348
0.00476697
0.0176608
0.0217167
0.00222143
0.0357216
0.0323837
0.0296419
0.0288935
0.0278614
0.025445
0.0378651
0.0472576
0.0102868
0.0116932
0.04157
0.0520174
0.0118239
0.0533709
0.0167369
-0.00556469
0.072
0.0656843
0.00923635
0.012202
0.0420904
0.0655493
0.00781369
-0.0720522
0.0771071
-0.0743302
0.0738161
0.0023596
0.070861
-0.0697247
0.0730575
0.0228971
0.0215785
0.023487
0.0246773
0.0216303
0.0208495
-0.00242208
0.0200829
0.0192947
-0.00188009
0.0376017
-0.00354
0.0359237
0.0319972
-0.00235529
0.0274897
0.00140376
0.0245155
0.00334591
0.0211775
0.00426748
0.0359851
0.0589508
0.0623042
0.0537719
0.0651948
-0.0318474
0.0485843
0.0601196
0.0401526
0.0747856
0.00358138
0.0385091
-0.0692568
0.0770705
0.00277689
0.00455927
-0.0716607
0.0740203
0.000872485
0.00139681
0.0131615
0.00973558
0.0110141
0.0105645
0.00826207
0.015225
0.0188756
0.00580171
0.0094001
0.0122302
0.00617684
0.0146727
0.00462987
0.015453
0.0192947
-0.00105403
0.0386557
0.0284572
0.0348697
0.0251344
0.0259192
0.0245234
0.023143
0.0395664
0.0137371
0.0452137
0.0503389
0.0119652
0.0143225
0.0394494
0.0521504
0.0130445
0.0368135
0.0117708
0.00224495
0.0578746
0.0362235
0.0039291
0.0812384
-0.00645276
0.0145612
0.0239479
0.0756311
0.00143947
-0.071604
0.0743809
-0.0704706
0.0750299
0.00241626
0.0709218
-0.0700493
0.0723186
0.0214236
0.0207497
0.0199645
0.0210267
0.018407
0.0193025
-0.00218174
0.0176348
0.0171129
0.0207424
0.0179134
0.0337414
-0.00528419
0.0208058
0.0140639
0.0313706
-0.00623614
0.0275197
-0.00160048
0.0245522
-2.88604e-05
0.0216146
0.00152842
0.0195814
0.0199851
0.064076
0.0595362
0.0641156
0.0540106
0.0498579
0.0479943
0.0834833
0.0618037
0.0691783
0.0435292
-0.0736504
0.0750898
0.00391032
0.00137951
-0.0709069
0.0733232
0.000547921
0.00141167
0.00537383
0.0160497
0.013996
0.0067537
0.0119407
0.00802386
0.0178768
0.00314989
0.00939441
0.00901262
0.0080216
0.0112809
0.00451471
0.0131201
0.0171129
0.0407274
0.0387192
0.021654
0.0120873
0.0260864
0.0357179
0.0212836
0.0229518
0.0215858
0.0194052
0.0305461
0.03353
0.0173105
0.0422257
0.00326132
0.0608543
0.0170924
0.0369182
0.0531193
-0.0138653
0.0618596
0.0793131
0.00417025
0.0479385
0.0717375
-0.00255919
0.0178385
0.0256907
0.0734117
0.00167811
-0.0711092
0.0750195
-0.0733206
0.0747001
0.00221394
0.0707105
-0.0701626
0.0710162
-0.0696045
0.0193698
0.0191996
0.0186944
0.0174183
0.0170342
0.0157956
-0.00218062
0.0153007
0.0149323
0.0201953
0.0205321
0.0193541
0.0193651
-0.0171852
0.0292725
0.00890121
0.0181565
0.0175614
-0.011285
0.0325685
0.0247021
-0.00175035
0.0214857
0.000100071
0.0198807
-0.00047543
-0.00959016
0.0401362
0.0508405
0.0593181
0.0512641
0.0547567
-0.00427525
0.0573945
0.0575843
0.018308
0.0610051
0.0759077
0.0662464
0.0708525
0.045886
-0.0725407
0.0742188
0.00169899
0.00215934
0.0732301
0.00110605
0.000434562
0.0175422
0.00182754
0.0193446
-0.000145002
0.0139161
0.00477831
0.0109631
0.00645519
0.00891987
0.00811435
0.00637938
0.00941625
0.00398942
0.0113113
0.0149323
0.0398862
0.0375216
0.0149896
0.0142829
-0.0192448
0.028146
0.0325511
0.0134172
0.0133238
0.0197353
0.0199807
0.0188692
-0.00891106
0.0490473
0.0419294
0.0177741
0.041544
0.00231763
0.0489465
0.0223084
0.0324483
0.0597121
-0.00617613
0.0637605
-0.00398231
0.0649874
0.0699202
0.00598758
0.0600703
0.0645441
0.00630845
0.0235275
0.0223584
0.0700113
0.00420753
-0.0717506
0.0734495
-0.0720346
0.074194
0.00147955
0.0711978
-0.0700917
0.0707435
-0.0703089
0.0173972
0.0157436
0.0157414
0.0153751
0.0144937
0.0134057
-0.00182706
0.0131383
0.0131052
0.0210637
0.0188225
0.0195535
0.0179681
-0.0149841
0.029267
0.0131618
0.0182456
0.0143055
-0.0172655
0.0306826
-0.0166943
0.0300181
0.00246985
0.0231533
-0.00317254
0.0199348
-0.00106561
0.00203355
0.0470137
0.0597035
0.0638524
0.0509801
0.0559758
0.00016955
0.0595426
0.06393
0.0659379
0.00210375
0.0628837
0.0705317
0.062174
0.0763198
0.0434222
-0.0713908
0.0755983
0.00141493
0.00280315
0.0726773
0.00065182
0.000288227
0.0171169
0.000280317
0.0139988
0.00174485
0.0118713
0.00387009
0.00960269
0.00577237
0.00752187
0.00697186
0.00503279
0.00837288
0.00336825
0.00977007
0.0131052
0.038376
0.0362136
0.0174857
0.0117813
-0.0145979
0.0277597
0.0317912
0.0139883
0.0154202
0.0256231
0.0167623
0.0160513
-0.00917761
0.0561913
0.0505259
0.0295261
0.0343264
0.00428304
0.046697
0.0406257
0.0153501
0.0638256
0.0060332
0.0578968
0.0651996
0.000738299
-0.00424828
0.067132
0.0696595
0.000872207
0.0682072
0.0730719
0.00324789
0.0277856
0.0156366
0.0728816
0.00271674
-0.0716468
0.0730617
-0.0715584
0.0743616
0.00103049
0.071065
-0.0704132
0.0707482
-0.0704599
0.0142791
0.0136161
0.0134728
0.0132942
0.0120047
0.0117411
-0.00178186
0.0115519
0.0113234
0.0235153
0.0148607
0.022286
0.0139276
-0.0162954
0.0280767
0.0114643
0.0204064
0.0113849
0.0259455
-0.0119572
-0.0153872
0.0308075
0.0217933
0.00382979
-0.00359069
0.0203529
0.0213921
-0.00534083
0.00861267
0.0475787
-0.00554115
0.0560671
0.0239849
0.00793554
0.0263908
0.0553097
0.0485613
0.0431357
0.010334
0.0534916
0.0682309
0.0609513
0.0703978
-0.0074373
0.0745693
0.0739441
0.0607699
0.0761295
0.0391519
-0.0702949
0.0730117
0.00150334
0.0725923
0.00176926
0.0720955
0.000335
0.000137235
0.014563
-0.000283954
0.0126077
0.00100842
0.0107773
0.00269544
0.00950097
0.00379327
0.00717022
0.00483443
0.00535385
0.00638727
0.00352935
0.00802259
0.0113234
0.0371467
0.034334
0.0193065
0.00877017
-0.0134116
0.0248759
0.0306914
0.0105582
0.00983615
0.0173959
-0.0143945
0.0182243
0.0178015
0.00595848
0.00922222
-0.00996323
0.0575419
0.0461038
0.0503757
0.00600293
0.0493068
0.0146314
0.0339299
0.0286091
0.0145266
0.0594945
0.0100072
0.0582237
-0.00529968
0.066251
0.0655761
0.00482163
0.0470496
0.0275196
0.0707115
0.00323257
0.0707771
0.00332062
0.0728089
0.0259711
0.0131808
0.00229738
0.0763323
0.0722828
-0.0707795
0.0740521
0.0715131
0.000582409
-0.0707344
0.0710694
-0.0705972
0.0123238
0.0117858
0.0121964
0.0109635
0.0101883
0.00991662
-0.00175055
0.00977313
0.00957284
0.0251109
0.0120357
0.0244056
0.00992838
-0.0185065
0.0272767
0.00636934
0.0240381
0.00665328
0.0245529
-0.0139947
-0.0119153
0.0217515
-0.0171812
0.0345771
0.00630892
0.0131516
0.00464983
0.0191101
-0.0126454
0.0218676
0.0127425
0.0447994
0.0575818
-0.011478
0.00825013
0.0421256
0.0620493
0.0432405
0.04218
0.0404976
0.00593225
0.0535623
0.064156
0.0602765
0.0427985
0.0234525
0.0755331
-0.0170155
0.0640651
0.0703181
0.0760414
0.0537616
0.0382918
-0.0731669
0.0754643
0.00204068
0.0742916
0.000733607
0.000885142
0.0716518
-0.0710694
0.0710694
-0.00032166
0.0136143
-0.00182853
0.0120488
0.000147566
0.00941736
0.00154613
0.00721698
0.00297131
0.00515227
0.00476435
0.00345073
0.0063224
0.00957284
0.0364413
0.0339665
0.0234662
0.00381046
-0.0196001
0.0259695
0.0301195
0.00737169
0.00775679
0.014977
-0.0143333
0.0206422
-0.0134703
0.0181201
0.00477681
0.00839734
-0.0125691
0.0573685
0.0450127
0.0306476
0.0108069
0.0512424
0.0153071
0.0279334
0.0234853
0.0186947
0.0269166
0.0135811
0.0643691
0.00912222
0.0550337
0.057875
0.00240142
0.0813276
0.070239
0.00529414
-0.000358018
0.0644231
0.000601172
0.0697169
0.00332218
0.0727193
0.0628838
0.0260366
0.0122552
0.0743443
0.00112002
0.076385
0.0776138
-0.0716518
0.0723854
-0.0723854
0.0732706
0.0132926
0.0102203
0.00956492
0.00876311
0.00812358
0.00821509
-0.00140785
0.00773025
0.00816499
0.0249988
0.0114425
0.0241117
0.00985477
-0.0227767
0.0265872
0.00319273
0.0250093
0.00511022
0.0213028
-0.0139311
-0.013663
0.0214198
-0.0189193
0.0338963
0.00697923
0.0141852
0.00393498
0.018962
-0.0105983
0.0189956
0.00948108
0.0478874
0.00597633
0.0390364
0.0541329
0.0607235
0.0422237
0.0466281
0.0396177
0.00924772
0.0551214
0.0642815
0.0726404
-0.000182766
0.0815103
0.0780134
0.0625258
0.0650243
0.00259107
0.0671259
0.037254
-0.0732706
0.0743906
0.00120629
0.0751787
0.00264441
0.0749694
0.0182499
-0.00495726
0.0136834
-0.00346308
0.0112978
-0.0017329
0.00918348
-0.000420374
0.00629759
0.00182599
0.00484475
0.00337034
0.00281985
0.00491041
0.00816499
0.0355542
0.0348641
0.0254794
0.00110779
-0.0196705
0.0228632
0.0305896
0.00238349
0.00748865
0.0142259
-0.01297
0.0199492
-0.00953537
0.0134703
0.005992
0.0076516
0.00946026
-0.00554285
0.0534303
-0.0354499
0.0414262
0.0334935
0.0186831
0.00387885
0.0568446
0.0143996
0.027824
0.0302477
0.0163804
0.0270596
0.0125581
0.0590003
0.0055518
0.0587296
0.0683443
0.00429607
0.0681616
0.0841014
0.00259102
0.0754224
0.0680776
-0.00767753
0.0727018
-0.00930856
0.0764344
0.0258492
0.0114048
0.0755969
0.0778231
0.0775604
0.00872614
0.00783474
0.00745058
0.00587721
0.00667074
0.00619019
-0.00135992
0.00627033
0.00680507
0.0245823
0.010972
0.023869
0.010995
-0.0257906
0.0268983
-0.00292737
0.0214486
0.00914098
0.0198802
-0.0174967
-0.019722
0.0272106
0.0230833
-0.00885739
0.000227247
0.0140191
-0.000548794
0.0200111
-0.00698089
0.0146325
-0.0107247
0.020185
0.00378664
0.0496437
0.0194378
0.0219884
0.0529313
0.0489308
0.0606313
0.0414592
0.0442044
0.0384073
0.00281024
0.05619
0.0615399
0.0797185
0.0706692
-0.00250761
0.064247
0.0198544
0.0604001
0.0633933
0.00587507
0.0705593
0.0359871
0.0755969
0.00152126
0.0763018
0.00353091
0.0740295
0.0148737
-0.00614759
0.0128015
-0.00496671
0.00859664
-0.00114606
0.00678203
-0.000904821
0.00571519
0.000955548
0.00383426
0.00235593
0.00241801
0.00385232
0.00680507
0.034841
0.0324437
0.0195895
0.00730882
0.0201559
0.0287305
0.0265589
-0.00667867
0.00971389
0.0177015
-0.0141899
0.0144171
-0.01514
0.0145912
0.00582127
0.00789285
0.00390775
0.00504501
-0.0157904
0.065434
-0.0320696
0.054058
0.0371409
0.0168612
0.00290937
0.0577219
0.0287498
0.0127094
0.0293314
0.014873
0.0279798
0.0104275
0.0590994
-0.000388917
0.0619288
0.0760778
0.00364067
0.0563698
0.0142994
0.0735702
0.0701221
0.0762242
0.0600111
0.00229581
0.0610975
0.0018994
0.06866
0.0272009
0.00878611
0.0771182
0.0798327
0.0776702
0.00665386
0.00362992
0.00563598
0.00481037
0.0047898
0.00477394
-0.00129942
0.00515173
0.00550566
0.0261007
0.0087403
0.0253262
0.00711748
-0.0173338
0.0246426
0.0357322
-0.0155763
0.0239095
0.00482105
0.0156299
-0.0223085
-0.0178536
0.0275675
0.0292174
-0.0115159
-0.00343647
0.0127111
0.00188008
0.0185324
0.0111341
-0.00324123
0.0150418
-0.00949712
0.0145421
0.0150191
0.050415
0.0311485
0.0229095
0.0682894
0.0461926
0.072741
0.0436229
0.0406892
0.0376285
-0.00420446
0.0633039
0.0577243
-0.0719807
0.08628
0.00158951
0.00507179
0.0650503
0.081296
0.062307
0.0629969
-0.00195153
0.0706115
0.0348868
0.0771182
0.00182433
0.0780084
0.0781518
-0.000481609
0.00966586
-0.003012
-0.00756484
0.0111948
-0.00192886
0.00628465
-0.00147428
0.00537778
-0.000587972
0.00340371
0.00137023
0.002372
0.00277974
0.00550566
0.0340665
0.0310269
0.0183985
0.0235088
0.00113376
0.0136411
0.0283299
0.0235618
-0.00793192
0.00525894
0.0120458
-0.0150188
0.0115823
-0.0112369
0.013117
0.00351361
0.00642463
0.00554471
0.00330525
-0.0286535
0.0790685
-0.0305031
0.0534125
0.039636
0.0156896
0.0559378
0.0168032
0.0321176
0.0115053
0.0308278
0.00986137
0.0305028
0.00712568
0.0416059
0.0216979
-0.007661
0.0653853
0.0764421
0.00983791
0.0797413
0.0630988
0.00657152
0.0747244
0.054646
0.00232402
0.0606729
0.0567286
0.0138829
0.0302172
0.00466965
0.0789425
0.0775268
-0.00697569
0.00396369
0.00421907
0.00435579
0.0039035
0.00281574
0.00374222
-0.00102743
0.00380717
0.00447823
0.0292907
0.00477577
0.0272622
0.00376479
0.0231831
-0.00478466
0.0243169
0.0250314
-0.0113903
0.0260661
0.00226377
-0.0185824
0.0106505
-0.0195022
0.0247611
0.0278712
-0.0158253
-0.00791986
0.0155067
-0.00238976
0.0190203
0.0129771
-0.00655248
-0.00645305
0.0119978
-0.00957574
0.012881
0.0277991
0.0512693
0.0491416
0.00427098
-0.0189592
0.0585951
0.0478071
0.0352598
0.020678
0.0584091
0.0423331
0.0403641
0.0373428
-0.0410878
0.0627857
0.0242976
0.0830136
0.0782647
-0.0684268
0.0803659
-0.000624587
0.00413266
0.0589661
0.0788571
0.05697
0.0112163
0.0494565
0.0679449
0.0728491
0.0339604
0.0789425
0.00225075
0.075276
-0.00686409
0.0108278
-0.00264502
-0.00379718
0.00815297
0.00664882
-0.00274532
-0.00285084
0.00566658
0.000891387
0.00203423
0.00177294
0.00447823
0.0320379
0.0298309
0.0202467
0.0257058
-0.00138892
0.0164809
0.0279696
0.00617868
0.0230781
-0.0124275
0.00725272
-0.0149896
0.00706972
-0.0100904
0.00770065
0.00403075
0.00973037
0.00324674
0.00427529
0.00327732
0.00242202
0.00279057
0.0630589
-0.0267169
0.0779863
0.0301824
-0.0384215
0.0426925
0.0318782
0.00938562
-0.0331493
0.0538273
0.0252598
0.0353237
0.00700947
0.0358676
0.00449653
0.0353448
0.00199806
0.0423024
0.0204833
-0.0400544
0.064352
0.00424976
0.0787639
0.0825145
0.011939
-0.0744777
0.0738531
0.00152876
0.0773283
0.0169156
0.0663721
0.0115721
0.0563728
0.0844212
0.0347676
-0.000807247
0.0811932
0.000798355
-0.00632672
0.0036817
0.00285164
0.00182625
0.00292126
0.00292562
-0.000929494
0.00270243
0.00354874
0.0371063
-0.00506835
0.0267534
0.00307752
0.0259218
-0.00567503
0.0245329
0.0258297
-0.00934886
0.0242321
0.00373751
0.0203104
-0.0141318
0.0078829
-0.0219516
0.0292043
0.0223922
-0.0153225
0.0180124
-0.0103117
0.0156845
-0.0116537
-0.00802793
0.0112747
0.00990272
-0.00562742
-0.00909233
0.0123697
-0.00992599
0.012348
0.0124664
-0.00967583
0.0181135
0.0449454
0.0308647
0.0471216
-0.0329018
0.0630842
0.00979072
-0.0265393
0.0584174
0.0447093
0.0719408
0.0675623
0.0428771
0.0398413
0.0367657
-0.0460052
0.0664884
0.0183468
0.0802926
0.00240697
0.0801075
-0.0709336
0.0828727
0.00291949
0.0615328
0.0157956
0.0156984
0.0506737
0.0720711
0.014227
0.0701942
0.036299
0.0811932
0.0819916
0.0074033
-0.00372159
0.00642304
-0.00357141
-0.00407973
0.00590598
0.0050154
-0.00209414
0.00369555
-0.000769932
0.00221909
0.000483346
0.00134494
0.0022038
0.021685
0.0273096
0.0201547
0.0249314
-0.000398546
-0.025044
0.0156952
0.0286689
-0.0187399
0.00460813
0.0281895
-0.0203066
0.00623787
0.00416031
0.00365232
0.000361987
0.00635866
0.00215465
0.00187479
0.00218234
0.00177588
0.00244367
0.00267219
0.0758101
0.0570579
-0.0099363
0.0365449
-0.0453337
0.0551244
0.0606347
-0.00221724
-0.000624374
0.0124262
0.0595145
0.045577
0.0219853
0.0345751
0.00830199
0.0314356
0.00840573
0.0335196
0.00324609
0.0408926
0.0255958
0.0690205
0.000512303
0.0797803
-0.0803031
0.08271
0.0806198
0.0025696
-0.0819916
0.0849111
0.0757598
-0.0656987
0.0814943
0.0209459
0.0511253
0.09114
0.0379161
-0.00161709
-0.00522049
0.00149889
0.00234332
0.00144399
0.000685496
0.00160141
0.00144915
0.00182828
0.0022038
-0.0171684
0.0388534
0.0101412
0.0262235
-0.00606882
0.025825
0.0292258
-0.0135306
0.0217647
0.00690424
0.0230147
-0.0184066
0.00270811
0.0270703
-0.0208324
0.0312306
0.0205875
-0.0169352
-0.0142902
0.0146522
-0.00793157
-0.0114572
0.0136118
-0.00683415
0.00870894
-0.00839757
0.0105799
0.00813381
-0.00635793
-0.00955659
0.0120003
0.0136232
-0.010951
0.0431903
0.0326198
0.0281963
0.0288616
0.0506984
0.0462537
-0.00970879
0.0713058
-0.0161814
0.0440364
0.0339507
0.0580032
0.026973
0.0325415
0.0628779
0.0397376
0.0419253
0.0411622
-0.0481373
0.0737331
0.0208832
0.0140816
0.0821527
0.000557295
0.0760844
0.00453542
-0.0849111
0.0874807
0.0123518
0.063408
0.0938461
0.0720085
0.0156457
0.0754944
-0.0267782
0.0251611
0.00727026
-0.00577136
0.00487584
-0.00253252
-0.00312737
0.00457136
0.00556133
0.00409403
-0.00249263
0.00324315
-0.00179399
0.00277
-0.000941713
0.0022038
0.0120752
0.0319058
0.023157
0.0251524
0.000672599
-0.0312306
0.0177
0.0320566
0.00218091
0.0208324
-0.0181243
-0.00228293
-0.0133442
0.00541264
0.002166
0.000267611
0.00129966
0.000311377
0.00102332
0.000912325
0.00104928
0.0713866
0.0595929
-0.0454828
0.0743444
0.00521561
0.061597
-0.0568005
0.0406191
0.0470352
-0.00299875
-0.0228498
0.0314426
0.0265607
0.0639841
0.0894386
0.0168878
0.0317824
0.0101429
0.0332319
0.00793032
0.0102486
0.0634846
0.0901661
0.0866882
-0.0874807
0.088038
0.0790536
0.00325797
0.0905881
0.0822571
-0.0105037
0.0859981
0.0384028
-0.0132417
-0.000210031
-0.00415506
0.00162254
0.000966667
0.000416298
0.000750522
0.000976002
0.00126209
-0.0231676
0.0352428
0.00873819
0.0259644
-0.00280739
0.026637
0.0177
0.0266064
0.00545023
0.0181243
-0.0159434
-0.0182263
0.0159434
-0.0128137
0.0125461
-0.0103801
0.0128137
0.00799608
-0.00669642
0.00830746
-0.00830746
0.00933078
0.00669642
-0.0057841
0.0103801
-0.00933078
0.0304579
0.0409287
0.0131461
0.0464467
0.028823
0.0455214
-0.0499917
0.0552073
0.0508752
0.0107217
0.0505644
-0.00994526
-0.00295646
0.0478765
0.0771302
0.0196546
0.069784
0.0486701
0.0433748
-0.0336051
0.0415354
0.0831392
0.0839348
0.00623122
0.0811342
0.00555398
0.088038
-0.00774465
0.0867983
0.0871928
-0.00241599
0.0930041
0.0717534
0.0782534
0.00479778
0.0220011
-0.00599413
0.00578409
-0.00437158
0.00395528
-0.00298862
0.00437158
0.00298862
-0.00223809
-0.00126209
0.00223809
0.00126209
0.0353446
-0.0102091
0.00740166
-0.00884516
0.0354821
0.00749093
-0.0163652
0.0218154
-0.0159434
-0.0128137
0.00830746
-0.00578409
0.0769046
0.0697516
0.0603736
-0.0148521
0.056091
-0.000883717
-0.0541733
0.0648951
-0.00360893
-0.0559461
0.0460009
0.04492
0.0117389
0.0653913
0.0815229
-0.00727601
0.0535064
-0.0101316
0.0536924
-0.012157
0.0240496
0.0590896
0.0873654
0.093592
0.0843823
0.0038334
0.0833594
-0.00663765
0.0996417
0.0958029
-0.0120514
0.0903048
-0.0338169
0.0386147
-0.0118158
-0.00437158
-0.00223809
0.0454365
-0.0100919
0.0130265
-0.00562485
0.00418135
0.0191169
0.00749093
0.0334872
-0.0116718
0.0212685
0.0556361
0.0359352
0.0338165
0.0324168
0.0279568
0.0412388
-0.0569001
0.0560163
-0.001155
0.0660501
-0.0544198
0.0508109
-0.00841894
-0.01198
0.0866598
0.0188625
0.0626604
0.0462304
0.0435608
-0.051425
0.039268
0.0779521
0.0911988
0.093592
0.00832058
0.0760617
0.0767218
0.00870998
0.0909318
0.0837516
0.0986254
-0.0128103
0.0336207
0.0233953
0.00186608
0.00830598
-0.00412463
0.0268466
-0.00772962
0.0151748
0.0915713
0.0662333
-0.0277264
0.0556832
0.0135124
0.0557932
0.000223191
-0.0572837
0.0561287
0.0540701
-0.00647282
-0.0578075
0.0493886
0.0139138
0.072746
0.0765742
-0.0115771
0.0549846
-0.0114238
0.0508606
-0.0115926
-0.00336511
0.0813172
0.000309798
0.090889
0.0939018
0.0847717
-0.0110711
0.0877929
0.0168296
0.0741021
0.00852688
0.0752247
-0.00298537
0.101611
-0.0452429
0.0324326
-0.0116221
0.033039
-0.00964375
0.00406838
-0.0022023
0.000576358
-5.62444e-05
0.0208799
-0.00570511
0.0165391
0.0750322
-0.0143076
0.0805409
0.0413756
0.0693056
-0.0574157
0.0576389
-0.00427064
0.0603994
-0.00334568
-0.0593231
0.0528503
-0.00993457
0.0892851
0.0732091
0.0434075
0.0394368
-0.0428362
0.0312436
0.0898441
0.0798179
0.0939018
0.00942767
0.075344
0.0759204
0.0118725
0.09275
0.0835298
0.0722393
0.0241601
0.0774507
-0.0104036
0.0214169
0.0112361
-0.00179237
-0.000409924
0.00380915
-0.00323279
0.00219483
-0.00225107
-0.00189597
-0.019392
0.0944242
0.0611489
-0.0273464
0.0687219
0.0419592
0.0612653
-0.00362639
-0.0591739
0.0549032
0.0570537
-0.00632355
-0.0535186
0.043584
0.0101362
0.0791489
0.0833453
-0.0101111
0.0494956
-0.0100588
0.0392841
-0.00804044
0.0450657
0.0447784
0.0054411
0.0743768
0.0993429
0.0995041
0.0862493
0.0849455
0.0078045
-0.00477395
0.0883037
0.0303622
0.0418771
0.107813
-0.0290663
0.0186626
-0.00764936
0.0155849
-0.00434873
-0.00179237
0.0011528
-0.00156272
-0.00103796
-0.00109828
0.00144676
-0.00334273
0.0458293
0.0485949
-0.0204727
0.0816216
0.0482492
-0.0299291
0.0718883
0.0313362
-0.0574579
0.0538315
0.0566333
-0.00173006
-0.000404184
-0.0509217
0.0445981
-0.00733764
0.0429811
0.0361678
0.0387201
0.0446252
0.0393845
0.0292252
-0.0245862
0.0165458
0.0869429
0.0834984
0.0993429
0.0264443
0.0730598
0.0860749
0.000174391
0.0801716
0.0938794
0.0682104
0.0200933
0.0228907
0.0849221
-0.00592358
0.0079355
-0.00290197
-0.00179237
-1.35468e-05
-0.00154917
0.00155879
-0.00259675
0.000849889
-0.00194817
-0.00178394
-0.044165
0.0899942
0.091576
0.0374567
-0.0241189
0.0723681
0.0477694
-0.0423581
0.0736944
0.0114733
0.0562291
-0.048626
0.046896
-0.00402793
-0.0463232
0.0389856
0.080793
-0.00693871
0.0356267
-0.00640147
0.0209526
-0.00440679
-0.00538238
0.0923252
0.0781161
0.0995173
0.0946547
0.0959505
0.0713472
0.00882439
0.0883606
0.00551881
0.0914405
0.00115476
0.0837674
-0.0111182
0.00519461
-0.00318269
0.000124635
-0.00302661
-0.00180592
0.000472667
-0.00202184
-0.00174686
-0.0014755
0.000673212
-0.00245715
0.035565
0.0544292
0.0542611
0.0373149
-0.0331527
0.0706094
0.0392154
-0.057327
0.105096
0.0163673
-0.0522805
0.0637538
0.00394861
0.0467858
0.000110205
-0.0435029
0.039475
-0.00451734
0.0204636
0.0603294
0.028688
0.0145511
-0.00743016
0.00302338
0.09348
0.0985796
0.0995173
0.0164398
0.0782149
0.0170785
0.078872
0.097185
0.105036
0.085037
0.00640348
0.0233113
0.0604561
-0.00223555
-0.00305805
-0.00235339
-0.000668313
-0.00113761
-0.000841923
-0.00117992
0.000245481
-0.00199234
7.81537e-05
-0.00155365
-0.00221167
0.0898261
-0.0380163
0.0924455
0.0976443
0.0961592
-0.0255498
-0.0346267
0.0738421
0.0704697
-0.0507961
0.0671634
0.0129578
0.0507344
-0.0416288
0.041739
-0.00215385
-0.0330602
0.0285429
-0.00437219
0.0175924
-0.00304125
0.00453889
-0.00151551
0.0373246
0.0561554
0.03803
0.0605496
0.101477
0.0952934
0.102183
0.0944711
0.00271389
0.105036
0.100875
0.0977807
0.000581033
-0.00281658
-0.00247702
5.64188e-05
-0.00240981
-0.00151024
-0.00113761
0.000314711
-0.00149463
-0.00191419
-0.00123894
0.000141492
-0.00235316
0.0404037
0.0494224
0.0581429
0.0445047
0.0479408
0.0429134
0.054731
0.0482923
0.104034
-0.0335646
0.0962703
-0.0291069
-0.0419281
0.0548859
0.00880627
0.0413261
0.000412877
-0.0306266
0.0284727
-0.00208372
0.0132202
0.00149763
0.000772734
-0.00228824
0.0941854
0.103463
0.00644736
0.0950295
0.00820142
0.087092
0.0168828
0.0853005
-0.105036
0.10775
0.107322
0.0175755
0.0802052
-0.00204385
-0.0024206
-0.00226832
-0.000832944
-0.000677293
-0.00113761
-0.000413338
-0.00108129
-0.000428491
-0.0014857
-0.00166743
-0.000329426
-0.00202374
0.0951347
0.0939271
-0.028746
0.0868888
-0.0331479
0.0810887
-0.0409648
0.0892571
0.0630695
0.0627057
0.025779
0.0501324
-0.0343981
0.0348109
-0.00592533
-0.015149
0.0130653
-0.00192881
0.00261071
-0.00111308
-0.000436772
-0.00185147
0.0184215
0.0757639
0.0456899
0.0577731
0.103231
0.103975
0.102876
-0.00146828
0.109218
0.105854
0.0986267
0.000285316
-0.00232916
-0.00213528
-0.000198562
-0.00206976
0.000195315
-0.00102826
-0.00109063
-0.00094229
0.000333934
-0.00141523
-0.00181512
-0.0013335
-0.00023564
-0.0017881
0.0483992
0.0467355
0.054985
0.0389421
0.0605112
0.0537409
0.0698781
0.0112107
-0.0286098
0.0916793
0.0788087
-0.016103
-0.0417317
0.0675107
0.00840073
0.0310841
0.00372683
-0.0150546
0.0091293
-0.00198937
0.000681905
-0.00154985
0.000389201
-0.00224067
0.121454
0.106172
0.00121141
0.102019
0.014122
0.0898528
0.0181759
0.0847001
0.109218
0.107065
0.0222966
0.0763301
-0.00193996
-0.00233384
-0.0023054
-0.000521062
-0.000507197
-0.00161169
-0.000341823
-0.000600467
-0.00143605
2.082e-05
3.35581e-05
-0.00184868
-0.00129994
0.000402048
-0.00219015
0.101721
0.10882
-0.0254684
0.0859796
0.0696503
-0.0159094
0.080861
0.0501989
0.0662109
-0.0553744
0.0392714
0.0121363
0.0394848
-0.012713
0.0164399
0.0121928
-0.00306353
-0.00204417
5.48019e-05
-0.00136227
0.000157545
-0.00170739
-0.000423235
-0.00181743
0.0278618
0.0935921
-0.00686185
0.113034
0.116142
0.108029
0.106997
-0.00221026
0.111429
0.104855
0.104192
0.000465641
-0.0024056
-0.0018682
-0.000606549
-0.00169885
-0.000849019
-0.000929753
-0.000681941
-0.000600467
-0.000393291
-0.00104276
-0.000908934
-0.00144663
-0.00169323
-0.000694136
-0.00149601
0.0948587
0.112336
-0.00351629
0.0700702
0.0894573
-0.00859638
0.0754926
-0.0252937
-0.0210838
0.0872947
0.0600241
-0.0207526
-0.0362252
0.0483615
0.00325961
-0.000520199
0.0163201
0.000119757
-0.00177601
-0.00128752
-0.00172121
-0.00120472
-0.00213062
0.000719223
-0.00253665
-0.0139251
0.107517
0.099109
0.101298
0.0148435
0.0116603
0.0963684
0.0150507
0.091946
0.111429
0.10053
0.00432478
0.0224015
0.0817905
-0.00168637
-0.00247474
-0.00239298
-0.000443674
-0.000405345
-0.00112562
-0.000600466
0.00106479
-0.00210755
0.000359599
-0.00126853
0.000742113
-0.00218875
-0.000951122
0.000859098
-0.00235511
-0.0140209
0.10888
0.0983156
0.0859411
0.0867504
-0.0166801
0.078154
0.0544088
0.0347304
0.0706146
0.0276089
0.0195797
-0.000332398
-0.0001878
-0.00261503
0.00273479
-0.00161991
-0.000328033
-0.00139317
-0.00153275
8.44488e-05
-0.00221507
-0.0010075
-0.00152914
0.0235551
0.0839621
-0.0157758
0.114885
0.112958
0.115374
0.111419
0.114347
0.115753
0.105346
0.000990173
-0.00267654
-0.00148457
-0.00118324
-0.00120974
0.000227773
-0.000633118
-0.000766018
-0.000372693
-0.000203748
-0.00123194
-0.00087561
-0.00132965
-0.00218306
-0.00142206
-0.000933042
0.0931037
0.0423849
0.0559307
-0.0357406
0.121682
0.112901
-0.0347468
-0.0233769
0.0777857
0.0566325
-0.0219021
0.109169
-0.0385549
0.0370267
-0.00941785
-0.00569239
0.0252721
-0.00280282
-0.00295758
0.000331649
-0.00195155
-0.00106152
-0.00144829
-0.00322255
0.00162532
-0.00315445
-0.0276856
0.111648
0.0871993
0.00516518
0.107793
0.112836
0.00253726
0.00810713
0.103312
0.0135038
0.100844
0.115753
0.0141707
0.0911748
-0.00105121
-0.0026678
-0.00263179
-5.19337e-05
-0.000581184
-0.000898085
0.000132067
-0.000253345
-0.000119348
-0.00110183
-0.00146026
0.000584654
0.0014055
-0.00273515
-0.00077756
0.0018471
-0.00278015
0.135489
-0.0475114
0.103442
0.0771602
0.0741703
0.0744226
0.0332555
0.0392308
0.0151246
0.0158543
0.00068192
-0.00348472
-0.000746777
-0.00221079
-0.00126963
-0.00250981
0.000263623
-0.00348617
-0.00197404
-0.00118041
0.0213656
0.0902821
-0.044474
0.131673
0.118002
0.1159
-0.115753
0.118291
0.116816
0.115014
0.11254
0.00167938
-0.00273058
-0.000988418
-0.00187704
-0.00075475
-0.000305278
-0.000449117
-0.000119348
-0.00123622
0.000134384
-0.00127489
-0.000185373
-0.000651566
-0.000888041
-0.00205245
-0.00185026
-0.000929878
0.0910147
0.0519035
0.0515386
0.0999788
-0.0228186
-0.0250709
0.0992412
0.0862744
-0.0118518
0.0547569
-0.0215014
-0.0242793
0.0635101
-0.0204043
0.0355289
-0.00455001
-0.00137322
-0.0021115
0.00345749
-0.00420429
-0.00358401
0.00224618
-0.00351579
-0.0005467
-0.00293946
-0.00252073
0.00163484
-0.00281523
-0.0351119
0.125394
0.0965613
-0.00409597
0.122098
0.111804
0.118291
0.00780228
0.109014
0.0108683
0.104146
0.015761
0.0967794
-0.00109573
-0.00286545
-0.00260501
-0.000415252
0.000109974
-0.000636621
0.000187503
-0.000119347
-0.000502238
0.00115772
-0.0013431
0.000506157
0.00131597
-0.00220401
-0.000736487
0.00151138
-0.00244126
0.142918
-0.0305081
0.0820467
0.0749079
0.0634558
0.0687331
-0.0718915
0.0600397
0.0304777
0.0140276
-0.00838136
-0.00109253
0.00116461
-0.00327612
0.00253717
-0.00674152
-0.00104685
-0.000167575
-0.00334821
-0.00310703
0.000600579
-0.0031213
-0.00221465
0.024548
0.100846
-0.0382325
0.134794
0.00198389
0.120114
0.119607
0.120274
0.119882
0.119907
0.121327
0.00237227
-0.00346799
-0.00049317
-0.00193371
-0.000671294
-0.000227749
0.000180192
-7.02177e-05
6.08448e-05
-0.000820312
0.000318073
0.000324321
-0.00166742
-0.000314156
-0.000692622
0.00115473
-0.00189122
-0.00196084
-0.00048042
0.104686
0.0882869
-0.0062402
-0.0189531
0.093861
-0.0240392
0.087495
0.0818132
-0.0130801
0.0360005
0.0369678
-0.00649007
-0.00638393
0.0204115
0.0285864
-0.00747652
-0.0021836
-0.00432299
-0.00315993
-0.00358162
0.000748851
-0.00385588
-0.00237245
0.00151248
-0.00372713
-0.0336572
0.134503
0.101137
0.00242139
0.117692
0.00553162
0.114075
0.122696
0.00904464
0.110837
0.0125001
0.107407
0.0156985
0.105629
-0.00195549
-0.00242687
-0.00263213
-0.000735228
0.000507479
-0.000422953
0.000352736
-0.000220696
0.000281541
-0.000417156
-0.000643772
0.000968092
-0.000512687
0.000766452
-0.00108061
0.00167099
-0.00236361
-0.000220235
-0.00284403
-0.00757639
0.112262
0.0807105
0.075573
0.0685419
0.0807809
-0.0192672
0.0552677
0.0139214
0.039267
-0.0106806
-0.00171079
-0.00576576
0.00211048
-0.0042941
0.000818773
-0.00514179
0.00249485
-0.00565481
-0.00529242
-0.0017454
0.00140545
-0.0037779
-0.00232168
0.0246593
0.109844
-0.0254387
0.126575
0.123224
0.12312
0.122696
0.123337
0.123105
0.130288
-0.00353304
0.00157756
0.00115239
-0.00357925
-0.00147973
8.45256e-05
0.000132041
0.000281541
0.000349295
-0.00166997
0.0010262
-0.000112519
-0.00158454
0.00107185
-0.00180478
-0.000327147
-0.00251687
0.0868234
-0.00973005
0.0904406
0.0953421
-0.0197691
-0.0155546
0.0840965
0.0970484
-0.0162676
0.0199998
0.0664843
-0.0112166
0.0150904
-0.00116906
0.00440982
-0.000482612
-0.00528314
-0.00347535
-0.00264698
-0.00042372
-0.00523108
-0.00571614
0.00278603
-0.00453144
-0.000991872
0.00147886
-0.00380054
-0.0201532
0.129997
0.106422
0.00260599
0.120618
0.00505083
0.118069
0.125302
0.00810939
0.115228
0.0113957
0.11171
0.0154446
0.114844
-0.00205418
-0.00200167
0.00155463
-0.00303435
0.000378695
-0.00029417
0.000510737
0.000281541
0.000558782
-0.000209487
-0.000598121
0.00100373
2.24722e-05
0.000891207
-0.00272037
0.000915592
0.00206559
-0.00239273
-0.000962242
-0.00996111
0.0967845
0.0856121
0.0804794
0.0772793
0.0509297
0.067829
0.0299373
-0.00993749
0.0187208
-0.00165167
0.00783888
-0.00342905
0.00056478
-0.00584791
0.00198956
-0.00546494
0.00328232
-0.00592932
0.00125524
-0.00648632
-0.00515135
-0.0025419
-0.00479241
0.0202698
0.109727
-0.022084
0.128506
0.125669
0.126178
0.125302
0.126624
0.127154
0.135113
0.00285961
-0.00491379
0.00176044
-0.00376209
-0.0012739
0.000264612
0.000183836
0.000326901
0.000465378
-0.000884325
0.000674837
-0.00157259
0.000974467
-0.000666867
0.000689338
6.88177e-06
-0.000654783
-0.000657001
-0.00192688
-0.000465853
-0.00288911
0.0747005
0.107649
-0.0220368
0.0570229
0.0234566
0.0987097
-0.0214303
-0.0083922
0.0593219
0.0739237
-0.00609471
-0.00209861
0.0249814
-0.00626063
-0.00508071
-0.000673252
-0.00517465
-0.00218264
-0.00467408
-0.00168236
-0.00480396
-0.00683371
-0.00549513
0.00295321
-0.00439187
-0.000400554
-0.0185683
0.128296
0.109938
0.123415
0.00225412
0.00453925
0.121639
0.125302
0.00676297
0.119861
0.0094228
0.117732
0.0132545
0.121859
-0.00090247
-0.00421395
-0.000699835
0.00224724
-0.00352113
-0.000566076
0.000830688
-0.000379594
0.000706495
-0.00018061
0.000645988
0.00010876
0.00131602
-0.000341557
0.000649153
0.000573903
0.000115435
0.000580784
0.00160925
-0.00226403
-0.00184938
0.00119238
0.00208841
-0.00255426
-0.000641861
0.131723
0.0939742
0.0136747
0.0766729
0.117431
0.0524934
0.0165892
0.0532272
-0.000688378
-0.00141022
-0.00694898
-0.00575396
0.00238827
-0.00756294
0.0037029
-0.00588556
0.00211838
-0.00679245
0.00332413
-0.00812809
-0.00444544
-0.00179225
-0.00143867
-0.00461451
0.0115784
0.116717
-0.021883
0.131821
0.127954
0.127556
0.128402
0.129284
0.130986
0.133437
0.00286239
-0.00376484
0.00350874
-0.00420857
-0.000658722
0.000451095
0.000525885
0.000645988
0.000689543
-0.00131972
0.000978159
0.000745055
-9.59032e-05
0.000860489
-0.000240134
-0.000175621
-0.000127345
-0.00234288
-0.000211372
-0.00298473
0.10984
-0.0945007
0.108175
-0.0178279
0.0220457
0.0953851
-0.0286908
0.0811842
0.022298
-0.0057088
0.0245364
-0.00716421
-0.00494347
-0.00200552
-0.00199663
-0.00556636
-0.00376718
-0.00346832
-0.0048783
-0.0032498
-0.00932377
0.00450807
-0.00630033
0.00374778
-0.00518646
-0.000866741
-0.0191043
0.135822
0.112717
0.00221204
0.125742
0.129768
0.00444442
0.123957
0.00690387
0.12238
0.00957551
0.121411
0.0117131
0.121724
-0.00025609
-0.00415203
-5.65427e-05
0.00287928
-0.00353798
0.000337219
0.000113876
0.000863105
0.000645988
0.000436087
0.000253457
0.000908632
6.95257e-05
0.000812727
0.000545379
0.000315109
-0.00167855
0.00143841
0.00183021
-0.00200583
-0.00123931
0.00111196
0.00223547
-0.00244684
-0.000105439
0.131886
0.119342
-0.0111666
0.0633563
-0.0406244
0.13601
0.0183837
0.00391426
-0.0106523
0.0429201
-0.00916094
-0.0111666
0.00435439
-0.0099208
0.00327508
-0.00704226
0.00499404
-0.00846236
0.00638795
-0.00963775
-0.00496941
-0.000678394
-0.00302526
-0.00501877
0.0128079
0.123014
-0.0192804
0.131997
0.130186
0.129768
0.130861
0.131955
0.133124
0.134532
0.00359428
-0.00385036
0.00437686
-0.0044334
5.6321e-05
0.000549963
0.000162211
0.000700894
0.000808199
0.000798835
-0.000811192
0.000880717
0.000496835
0.000315892
0.000811943
0.000151653
0.000199098
0.000229638
0.000300769
-0.00275499
0.000308157
-0.00286041
0.112606
0.0787175
-0.0664981
0.0553315
-0.00314175
0.0217163
0.114293
0.00658295
-0.00266872
-0.00546596
-0.00518644
0.0443405
-0.00142036
0.00251371
-0.0136804
-0.00740714
-0.00204822
-0.0020744
-0.00626697
-0.00337077
-0.0112364
0.00471922
-0.00539762
0.00425094
-0.0072762
-0.000299555
-0.0128672
0.135881
0.148615
-0.0166185
0.00226245
0.127924
0.13203
-0.00660812
0.137469
0.125347
0.00868388
0.12444
0.0108079
0.123724
0.000526516
-0.00491949
0.000486096
0.00325578
-0.00319943
-0.000282738
0.000832702
-0.000181414
0.000882309
-0.000102546
0.000910745
0.000516097
0.000436153
0.000444563
0.000752044
0.000272506
0.000539437
-0.00102556
0.0011772
-0.000631294
0.00083039
0.00155272
-0.00132309
-0.000260709
0.000561477
0.00188351
-0.00157535
0.000395385
0.134322
0.0999381
-0.0212206
0.0739023
-0.0185707
0.0411987
0.126129
-0.0118353
0.00516258
-0.00813469
0.00490657
-0.0100931
-0.00877389
0.00535499
-0.0127622
0.00633054
-0.00837875
0.00732347
-0.00939783
0.00775483
-0.0111256
-0.00588143
-0.00114668
-0.000945662
-0.00521904
0.135748
0.0127508
0.12313
0.117704
-0.00442428
0.00398145
-0.00345491
0.00436552
-0.00387941
0.000782044
0.000651288
0.000779763
0.000910745
0.000788604
3.84758e-05
0.000406087
0.000144455
0.000607588
0.000683892
0.000527159
0.000545906
0.00056968
0.000560418
0.000599952
-0.00222129
0.000645939
-0.0018259
0.110093
-0.010155
0.0526817
0.0226279
0.0144128
0.111716
0.0982578
0.0101828
-0.00502024
0.00122469
-0.00935938
-0.00886839
0.00662268
-0.0153966
-0.00613954
-0.00105527
-0.00164298
-0.00783498
-0.00329058
-0.0137164
0.00530032
-0.00644699
0.00638134
-0.007327
8.12767e-05
0.0141927
0.121556
0.132116
0.000910618
-0.004821
0.0009416
0.00268834
-0.00190628
-0.000135268
0.000786557
-3.35341e-05
0.000813298
-3.75484e-05
0.000948293
0.000653336
-0.000194329
0.000600416
0.00041326
-5.64903e-05
0.000740383
-1.80125e-05
0.000545168
0.000716209
-0.000170305
0.000834018
-0.000264339
0.000197397
0.000363015
0.000926839
-0.000326887
0.000458941
0.000186992
0.000862451
-0.0659866
0.0558315
-0.0133049
-0.0111723
0.0338003
-0.0113437
0.123059
0.0869141
-0.000989518
0.00662017
-0.0116404
-0.0027392
0.00490996
-0.0137784
-0.0104868
0.00928202
-0.0154216
0.00707346
-0.00812872
0.00775893
-0.00940189
0.00814455
-0.0114351
-0.00443435
-6.56516e-05
-0.000253526
-0.00473972
-0.015209
0.116907
0.0030104
-0.00209976
0.00317021
-0.00222858
0.00110413
0.000753023
0.000775749
0.000948293
0.000596847
0.000932085
-0.00033167
-0.000230952
0.000644213
0.000999846
-0.000259462
0.000698196
0.000742564
0.000663712
0.0006625
0.000821953
0.000605199
-0.00073025
0.000917237
0.000132199
0.0713435
-0.015512
0.0204954
0.0157389
0.107321
-0.012872
0.0997861
-0.00572862
0.00473911
-0.00371394
-0.00792646
-0.0165176
0.0097137
-0.0202006
-0.00570793
-0.000369755
-0.00125729
-0.00873157
-0.00270342
-0.0131659
0.00572354
-0.00578918
0.00628062
-0.00653413
0.000983821
0.00107047
-0.00368914
0.00146059
0.000895652
0.00020848
3.34274e-05
0.000719596
0.000809177
2.66125e-05
0.00092168
-5.16368e-05
0.000648484
-0.00090612
0.000574451
0.000768894
-0.000261907
-0.00057782
0.000318358
0.00258089
-0.00188269
-0.00199913
0.00274169
0.00236488
-0.00170116
0.00218219
-0.00151969
-0.00214957
0.00297152
0.00189564
-0.00129044
-0.00225916
0.00317639
0.00102785
0.0584715
-0.0295829
0.014071
-0.0090875
-0.0137554
0.0860307
-0.00944256
-0.00434834
-0.0166086
0.00868221
-0.0134658
-0.00305173
-0.0129399
-0.00726081
0.0101402
-0.0158481
0.00670974
-0.00707947
0.00822668
-0.00948392
0.00837639
-0.0110798
-0.00302562
0.000491454
0.000175631
-0.0027053
0.000811724
0.000258754
0.000933701
0.000526904
0.00102021
0.00066796
0.00083579
0.00092168
7.06636e-05
0.00168951
-0.00111506
0.000781272
-1.23779e-05
0.000519366
0.000760061
-0.000441703
0.000581758
0.000482185
0.000592121
0.000481029
0.000375942
0.000712366
0.000399071
0.00246343
0.000712951
0.00349128
-0.00303139
0.0615029
0.0217942
-0.00772318
-0.0109289
-0.00430795
-0.0051346
0.000511017
-0.00485935
-0.0209165
-0.00478358
-0.0159916
0.0103454
-0.0176062
-0.00550263
0.00114725
-0.00110748
-0.00968481
-0.00139492
-0.0127104
0.00397348
-0.00348201
-0.00450198
0.00467763
0.00126821
0.00119246
-0.000659545
0.00118645
-0.0026557
0.0036759
3.87405e-05
0.000629219
0.00087453
0.000921681
0.000699883
-0.00145004
0.000334983
-0.000591916
0.000579538
-0.000930676
0.000168145
0.00025818
-0.00394461
0.00452637
0.00394461
-0.00346243
-0.00452637
0.00511849
0.00346243
-0.0029814
0.0029814
-0.00260546
-0.00511849
0.00583085
0.00260546
-0.00220638
-0.00583085
0.0065438
0.000835566
-0.0224282
0.0193968
0.050574
-0.000633946
-0.00721218
-0.00999397
-0.02082
-9.64225e-05
-0.0207753
-0.00654305
-0.0110632
0.0108974
-0.0163999
-0.00335472
-0.00643198
0.00532452
0.00655
-0.00794491
-0.00181297
0.00119565
0.000608686
-0.00287658
0.00406903
-0.00311949
0.00430593
0.000799312
-2.09469e-05
0.000895477
0.000900734
0.00220638
-0.0018714
0.00127506
-0.000695524
0.000344387
0.000618497
-0.000450352
-0.000366213
0.000624394
0.0065438
0.00737937
0.00811896
0.0112779
-0.00983546
0.00920151
0.00540351
-0.0126157
-0.00459047
-0.0254105
0.0273184
-0.0274149
0.0117659
-0.022829
-0.00463399
-0.00473619
0.00138149
0.000118042
0.000588357
-0.00794931
4.39658e-06
-0.0097623
0.00069979
0.000495886
0.00130848
0.000949537
0.00340784
0.000898085
-0.00737937
0.00817868
0.000529264
0.000189243
0.000711491
-0.0018714
-0.000999874
0.000304349
-0.00152701
-0.000381377
0.000174042
-0.0023521
-0.0121876
-0.0034142
0.000142728
-0.0255531
0.002612
-0.0300269
-0.020217
0.00917352
-0.0138075
0.000725576
0.000655957
0.000813944
-0.000695891
0.000501141
8.72366e-05
0.00167637
-0.00167196
-0.000588793
0.00122147
0.00471632
-0.00817867
0.00912821
-0.00912821
0.0100263
0.000718507
0.000711491
0.00152701
-0.00122266
0.000326071
-0.000707448
-0.000358645
0.000532687
0.00117215
0.0255474
-0.0289616
-0.0298842
-5.65676e-06
0.00203926
-0.0222562
-0.0117683
0.00115711
0.000901185
0.000980486
-0.00284185
0.00116989
-0.00343067
-0.0036447
0.00486617
0.00107161
0.0100263
0.000359862
0.000711491
-0.00122266
-0.000896591
-0.000174761
-0.0277894
-0.0319672
0.00208293
-0.0319729
-0.0201732
0.000446178
-0.0122145
-0.00398165
0.00513876
-0.00424088
0.00514206
-0.00420473
0.00518522
-0.0042194
0.00538929
-0.0054732
0.00204251
0.000884519
0.0110979
-0.000171123
0.000530985
0.000540367
-0.000896591
-0.000471624
0.000296863
0.000185289
-0.0352859
0.00331294
0.00319524
-0.0233684
-0.00502705
-0.00901922
0.00089786
0.000937327
0.000965831
0.00743177
-0.0110979
0.0119824
5.93615e-05
0.000241699
0.000298668
-0.000599728
-0.0351007
-0.0200554
-0.00347828
-0.00154879
-0.0124975
-0.0119824
0.0128803
-0.0128803
0.0138176
-0.0138176
0.0147834
0.00113876
0.00629299
0.000301061
0.000298668
-0.000599728
0.000584414
0.00421948
-0.0242748
0.00305596
-0.00460478
-0.00827799
0.0159222
0.00405131
0.00224173
-0.000298667
0.000298668
-0.0236903
0.00710727
-0.00538483
0.000780017
-0.0136629
0.0159221
-0.0159221
0.0181639
-0.000298668
0.00128475
0.00457381
0.00253346
0.00535381
-0.0123781
0.0181639
0.0206974
-0.000317419
0.00567127
-0.000793992
0.0214914
)
;

boundaryField
{
    frontAndBack
    {
        type            empty;
        value           nonuniform 0();
    }
    lowerWall
    {
        type            calculated;
        value           uniform 0;
    }
    flap
    {
        type            calculated;
        value           uniform 0;
    }
    outlet
    {
        type            calculated;
        value           nonuniform List<scalar> 
20
(
0.0214914
0.0048773
-0.0126955
-0.024975
-0.0356851
-0.0279747
-0.0133597
0.058693
0.0136301
0.0969596
0.121076
0.132646
0.136765
0.137323
0.136475
0.135248
0.134031
0.133045
0.132348
0.13203
)
;
    }
    upperWall
    {
        type            calculated;
        value           uniform 0;
    }
    inlet
    {
        type            calculated;
        value           nonuniform List<scalar> 
20
(
-0.0705974
-0.0705974
-0.0705974
-0.0705974
-0.0705974
-0.0705974
-0.0705973
-0.0705973
-0.0705973
-0.0705973
-0.0705973
-0.0705972
-0.0705972
-0.0705972
-0.0705972
-0.0705972
-0.0705972
-0.0705972
-0.0705972
-0.0705972
)
;
    }
}


// ************************************************************************* //
