/*--------------------------------*- C++ -*----------------------------------*\
  =========                 |
  \\      /  F ield         | OpenFOAM: The Open Source CFD Toolbox
   \\    /   O peration     | Website:  https://openfoam.org
    \\  /    A nd           | Version:  7
     \\/     M anipulation  |
\*---------------------------------------------------------------------------*/
FoamFile
{
    version     2.0;
    format      ascii;
    class       volScalarField;
    location    "20";
    object      rho;
}
// * * * * * * * * * * * * * * * * * * * * * * * * * * * * * * * * * * * * * //

dimensions      [1 -3 0 0 0 0 0];

internalField   nonuniform List<scalar> 
2878
(
1.17662
1.17662
1.17662
1.17662
1.17662
1.17662
1.17662
1.17662
1.17662
1.17662
1.17662
1.17662
1.17662
1.17662
1.17662
1.17662
1.17662
1.17662
1.17662
1.17662
1.17662
1.17662
1.17662
1.17662
1.17662
1.17662
1.17662
1.17662
1.17662
1.17662
1.17662
1.17662
1.17662
1.17662
1.17662
1.17662
1.17662
1.17662
1.17662
1.17662
1.17662
1.17662
1.17662
1.17662
1.17662
1.17662
1.17662
1.17662
1.17662
1.17662
1.17662
1.17662
1.17662
1.17662
1.17662
1.17662
1.17662
1.17662
1.17662
1.17662
1.17662
1.17662
1.17662
1.17662
1.17662
1.17662
1.17662
1.17662
1.17662
1.17662
1.17662
1.17662
1.17662
1.17662
1.17662
1.17662
1.17662
1.17662
1.17662
1.17662
1.17662
1.17662
1.17662
1.17662
1.17662
1.17662
1.17662
1.17662
1.17662
1.17662
1.17662
1.17662
1.17662
1.17662
1.17662
1.17662
1.17662
1.17662
1.17662
1.17662
1.17662
1.17662
1.17662
1.17662
1.17662
1.17662
1.17662
1.17662
1.17662
1.17662
1.17662
1.17662
1.17662
1.17662
1.17662
1.17662
1.17662
1.17662
1.17662
1.17662
1.17662
1.17662
1.17662
1.17662
1.17662
1.17662
1.17662
1.17662
1.17662
1.17662
1.17662
1.17662
1.17662
1.17662
1.17662
1.17662
1.17662
1.17662
1.17662
1.17662
1.17662
1.17662
1.17662
1.17662
1.17662
1.17662
1.17662
1.17662
1.17662
1.17662
1.17662
1.17662
1.17662
1.17662
1.17662
1.17662
1.17662
1.17662
1.17662
1.17662
1.17662
1.17662
1.17662
1.17662
1.17662
1.17662
1.17662
1.17662
1.17662
1.17662
1.17662
1.17662
1.17662
1.17662
1.17662
1.17662
1.17662
1.17662
1.17662
1.17662
1.17662
1.17662
1.17662
1.17662
1.17662
1.17662
1.17662
1.17662
1.17662
1.17662
1.17662
1.17662
1.17662
1.17662
1.17662
1.17662
1.17662
1.17662
1.17662
1.17662
1.17662
1.17662
1.17662
1.17662
1.17663
1.17663
1.17662
1.17662
1.17662
1.17662
1.17662
1.17662
1.17662
1.17662
1.17662
1.17662
1.17662
1.17662
1.17662
1.17662
1.17662
1.17662
1.17662
1.17663
1.17662
1.17663
1.17663
1.17662
1.17662
1.17662
1.17662
1.17662
1.17662
1.17662
1.17662
1.17662
1.17662
1.17662
1.17662
1.17662
1.17662
1.17662
1.17662
1.17662
1.17663
1.17662
1.17663
1.17663
1.17662
1.17662
1.17662
1.17662
1.17662
1.17662
1.17662
1.17662
1.17662
1.17662
1.17662
1.17662
1.17662
1.17662
1.17662
1.17662
1.17662
1.17662
1.17662
1.17663
1.17663
1.17662
1.17663
1.17663
1.17662
1.17662
1.17662
1.17662
1.17662
1.17662
1.17662
1.17662
1.17662
1.17662
1.17662
1.17662
1.17662
1.17662
1.17662
1.17662
1.17662
1.17662
1.17663
1.17663
1.17663
1.17662
1.17663
1.17663
1.17662
1.17662
1.17662
1.17662
1.17662
1.17662
1.17662
1.17662
1.17662
1.17662
1.17662
1.17662
1.17662
1.17662
1.17662
1.17662
1.17662
1.17662
1.17662
1.17663
1.17662
1.17663
1.17663
1.17662
1.17663
1.17663
1.17662
1.17662
1.17662
1.17662
1.17662
1.17662
1.17662
1.17662
1.17662
1.17662
1.17662
1.17662
1.17662
1.17662
1.17662
1.17662
1.17662
1.17662
1.17662
1.17663
1.17663
1.17663
1.17663
1.17662
1.17663
1.17663
1.17662
1.17662
1.17662
1.17662
1.17662
1.17662
1.17662
1.17662
1.17662
1.17662
1.17662
1.17662
1.17662
1.17662
1.17662
1.17662
1.17662
1.17662
1.17662
1.17663
1.17663
1.17662
1.17663
1.17663
1.17662
1.17663
1.17663
1.17662
1.17662
1.17662
1.17662
1.17662
1.17662
1.17662
1.17662
1.17662
1.17662
1.17662
1.17662
1.17662
1.17662
1.17662
1.17662
1.17662
1.17662
1.17662
1.17663
1.17663
1.17663
1.17663
1.17663
1.17662
1.17663
1.17663
1.17662
1.17662
1.17662
1.17662
1.17662
1.17662
1.17662
1.17662
1.17662
1.17662
1.17662
1.17662
1.17662
1.17662
1.17662
1.17662
1.17662
1.17662
1.17662
1.17662
1.17663
1.17663
1.17663
1.17662
1.17663
1.17663
1.17663
1.17663
1.17662
1.17662
1.17662
1.17662
1.17662
1.17662
1.17662
1.17662
1.17662
1.17662
1.17662
1.17662
1.17662
1.17662
1.17662
1.17662
1.17662
1.17662
1.17662
1.17662
1.17662
1.17662
1.17663
1.17663
1.17663
1.17663
1.17663
1.17663
1.17663
1.17663
1.17662
1.17662
1.17662
1.17662
1.17662
1.17662
1.17662
1.17662
1.17662
1.17662
1.17662
1.17662
1.17662
1.17662
1.17662
1.17662
1.17662
1.17662
1.17662
1.17662
1.17662
1.17662
1.17662
1.17663
1.17663
1.17663
1.17663
1.17663
1.17663
1.17663
1.17663
1.17662
1.17662
1.17662
1.17662
1.17662
1.17662
1.17662
1.17662
1.17662
1.17662
1.17662
1.17662
1.17662
1.17662
1.17662
1.17662
1.17662
1.17662
1.17662
1.17662
1.17662
1.17662
1.17662
1.17662
1.17663
1.17663
1.17663
1.17663
1.17663
1.17663
1.17663
1.17663
1.17662
1.17662
1.17662
1.17662
1.17662
1.17662
1.17662
1.17662
1.17663
1.17662
1.17662
1.17662
1.17662
1.17662
1.17662
1.17662
1.17662
1.17662
1.17662
1.17662
1.17662
1.17662
1.17662
1.17662
1.17662
1.17663
1.17663
1.17663
1.17663
1.17663
1.17663
1.17663
1.17663
1.17662
1.17662
1.17662
1.17662
1.17662
1.17662
1.17662
1.17662
1.17663
1.17662
1.17662
1.17662
1.17662
1.17662
1.17662
1.17662
1.17662
1.17662
1.17662
1.17662
1.17662
1.17662
1.17662
1.17662
1.17662
1.17662
1.17662
1.17663
1.17663
1.17663
1.17663
1.17663
1.17663
1.17663
1.17663
1.17662
1.17662
1.17662
1.17662
1.17662
1.17662
1.17662
1.17662
1.17662
1.17663
1.17662
1.17662
1.17662
1.17662
1.17662
1.17662
1.17662
1.17662
1.17662
1.17662
1.17662
1.17662
1.17662
1.17662
1.17662
1.17662
1.17662
1.17662
1.17663
1.17663
1.17663
1.17663
1.17663
1.17663
1.17663
1.17663
1.17662
1.17662
1.17662
1.17662
1.17662
1.17662
1.17662
1.17662
1.17662
1.17663
1.17662
1.17662
1.17662
1.17662
1.17662
1.17662
1.17662
1.17662
1.17662
1.17662
1.17662
1.17662
1.17662
1.17662
1.17662
1.17662
1.17662
1.17662
1.17662
1.17663
1.17663
1.17663
1.17663
1.17663
1.17663
1.17663
1.17663
1.17662
1.17662
1.17662
1.17662
1.17662
1.17662
1.17662
1.17662
1.17663
1.17663
1.17662
1.17662
1.17662
1.17662
1.17662
1.17662
1.17662
1.17662
1.17662
1.17662
1.17662
1.17662
1.17662
1.17662
1.17662
1.17662
1.17662
1.17662
1.17662
1.17663
1.17663
1.17663
1.17663
1.17663
1.17663
1.17663
1.17663
1.17662
1.17662
1.17662
1.17662
1.17662
1.17662
1.17662
1.17662
1.17663
1.17663
1.17662
1.17662
1.17662
1.17662
1.17662
1.17662
1.17662
1.17662
1.17662
1.17662
1.17662
1.17662
1.17662
1.17662
1.17662
1.17662
1.17662
1.17662
1.17662
1.17662
1.17662
1.17662
1.17663
1.17663
1.17663
1.17663
1.17663
1.17663
1.17663
1.17663
1.17662
1.17662
1.17662
1.17662
1.17662
1.17662
1.17662
1.17662
1.17662
1.17663
1.17663
1.17663
1.17662
1.17662
1.17662
1.17662
1.17662
1.17662
1.17662
1.17662
1.17662
1.17662
1.17662
1.17662
1.17662
1.17662
1.17662
1.17662
1.17662
1.17662
1.17662
1.17662
1.17662
1.17662
1.17663
1.17663
1.17663
1.17663
1.17663
1.17663
1.17663
1.17663
1.17662
1.17662
1.17662
1.17662
1.17662
1.17662
1.17662
1.17662
1.17662
1.17663
1.17663
1.17663
1.17662
1.17662
1.17662
1.17662
1.17662
1.17662
1.17662
1.17662
1.17662
1.17662
1.17662
1.17662
1.17662
1.17662
1.17662
1.17662
1.17662
1.17662
1.17662
1.17662
1.17662
1.17662
1.17662
1.17662
1.17663
1.17663
1.17663
1.17663
1.17663
1.17663
1.17663
1.17663
1.17662
1.17662
1.17662
1.17662
1.17662
1.17662
1.17662
1.17662
1.17662
1.17663
1.17663
1.17663
1.17662
1.17662
1.17662
1.17662
1.17662
1.17662
1.17662
1.17662
1.17662
1.17662
1.17662
1.17662
1.17662
1.17662
1.17662
1.17662
1.17662
1.17662
1.17662
1.17662
1.17662
1.17662
1.17662
1.17662
1.17663
1.17663
1.17663
1.17663
1.17663
1.17663
1.17663
1.17663
1.17662
1.17662
1.17662
1.17662
1.17662
1.17662
1.17662
1.17662
1.17662
1.17663
1.17663
1.17663
1.17662
1.17662
1.17662
1.17662
1.17662
1.17662
1.17662
1.17662
1.17662
1.17662
1.17662
1.17662
1.17662
1.17662
1.17662
1.17662
1.17662
1.17662
1.17662
1.17662
1.17662
1.17663
1.17663
1.17663
1.17663
1.17663
1.17663
1.17663
1.17663
1.17662
1.17662
1.17662
1.17662
1.17662
1.17662
1.17662
1.17662
1.17662
1.17663
1.17663
1.17663
1.17663
1.17662
1.17662
1.17662
1.17662
1.17662
1.17662
1.17662
1.17662
1.17662
1.17662
1.17662
1.17662
1.17662
1.17662
1.17662
1.17662
1.17662
1.17662
1.17662
1.17662
1.17662
1.17663
1.17663
1.17663
1.17663
1.17663
1.17663
1.17663
1.17663
1.17662
1.17662
1.17662
1.17662
1.17662
1.17662
1.17662
1.17662
1.17662
1.17663
1.17663
1.17663
1.17663
1.17662
1.17662
1.17662
1.17662
1.17662
1.17662
1.17662
1.17662
1.17662
1.17662
1.17662
1.17662
1.17662
1.17662
1.17662
1.17662
1.17662
1.17662
1.17662
1.17662
1.17663
1.17663
1.17663
1.17663
1.17663
1.17663
1.17663
1.17663
1.17662
1.17662
1.17662
1.17662
1.17662
1.17662
1.17662
1.17662
1.17662
1.17663
1.17663
1.17663
1.17663
1.17663
1.17662
1.17662
1.17662
1.17662
1.17662
1.17662
1.17662
1.17662
1.17662
1.17662
1.17662
1.17662
1.17662
1.17662
1.17662
1.17662
1.17662
1.17662
1.17662
1.17662
1.17662
1.17662
1.17663
1.17663
1.17663
1.17663
1.17663
1.17663
1.17663
1.17663
1.17662
1.17662
1.17662
1.17662
1.17662
1.17662
1.17662
1.17662
1.17662
1.17663
1.17663
1.17663
1.17663
1.17663
1.17662
1.17662
1.17662
1.17662
1.17662
1.17662
1.17662
1.17662
1.17662
1.17662
1.17662
1.17662
1.17662
1.17662
1.17662
1.17662
1.17662
1.17662
1.17662
1.17662
1.17662
1.17663
1.17663
1.17663
1.17663
1.17663
1.17663
1.17663
1.17663
1.17662
1.17662
1.17662
1.17662
1.17662
1.17662
1.17662
1.17662
1.17662
1.17662
1.17663
1.17663
1.17663
1.17663
1.17663
1.17662
1.17662
1.17662
1.17662
1.17662
1.17662
1.17662
1.17662
1.17662
1.17662
1.17662
1.17662
1.17662
1.17662
1.17662
1.17662
1.17662
1.17662
1.17662
1.17662
1.17663
1.17663
1.17663
1.17663
1.17663
1.17663
1.17663
1.17663
1.17662
1.17662
1.17662
1.17662
1.17662
1.17662
1.17662
1.17662
1.17662
1.17662
1.17663
1.17663
1.17663
1.17663
1.17663
1.17662
1.17662
1.17662
1.17662
1.17662
1.17662
1.17662
1.17662
1.17662
1.17662
1.17662
1.17662
1.17662
1.17662
1.17662
1.17662
1.17662
1.17662
1.17662
1.17662
1.17662
1.17662
1.17662
1.17663
1.17663
1.17663
1.17663
1.17663
1.17663
1.17663
1.17663
1.17662
1.17662
1.17662
1.17662
1.17662
1.17662
1.17662
1.17662
1.17662
1.17662
1.17663
1.17663
1.17663
1.17663
1.17663
1.17663
1.17663
1.17662
1.17662
1.17662
1.17662
1.17662
1.17662
1.17662
1.17662
1.17662
1.17662
1.17662
1.17662
1.17662
1.17662
1.17662
1.17662
1.17662
1.17662
1.17662
1.17662
1.17662
1.17662
1.17662
1.17662
1.17662
1.17663
1.17663
1.17663
1.17663
1.17663
1.17663
1.17663
1.17662
1.17662
1.17662
1.17662
1.17662
1.17662
1.17662
1.17662
1.17662
1.17662
1.17663
1.17663
1.17663
1.17663
1.17663
1.17663
1.17663
1.17662
1.17662
1.17662
1.17662
1.17662
1.17662
1.17662
1.17662
1.17662
1.17662
1.17662
1.17662
1.17662
1.17662
1.17662
1.17662
1.17662
1.17662
1.17662
1.17662
1.17662
1.17662
1.17662
1.17662
1.17663
1.17663
1.17663
1.17663
1.17663
1.17663
1.17663
1.17662
1.17662
1.17662
1.17662
1.17662
1.17661
1.17662
1.17662
1.17662
1.17662
1.17662
1.17663
1.17663
1.17663
1.17663
1.17663
1.17663
1.17663
1.17663
1.17662
1.17662
1.17662
1.17662
1.17662
1.17662
1.17662
1.17662
1.17662
1.17662
1.17662
1.17662
1.17662
1.17662
1.17662
1.17662
1.17662
1.17662
1.17662
1.17662
1.17662
1.17662
1.17662
1.17662
1.17663
1.17663
1.17663
1.17663
1.17663
1.17663
1.17663
1.17663
1.17661
1.17661
1.17661
1.17661
1.17662
1.17661
1.17662
1.17662
1.17662
1.17662
1.17662
1.17663
1.17663
1.17663
1.17663
1.17663
1.17663
1.17663
1.17663
1.17662
1.17662
1.17662
1.17662
1.17662
1.17662
1.17662
1.17662
1.17662
1.17662
1.17662
1.17662
1.17662
1.17662
1.17662
1.17662
1.17662
1.17662
1.17662
1.17662
1.17662
1.17662
1.17662
1.17662
1.17662
1.17663
1.17663
1.17663
1.17663
1.17663
1.17663
1.17663
1.17663
1.17661
1.17661
1.17661
1.17661
1.17661
1.17661
1.17662
1.17662
1.17662
1.17662
1.17663
1.17663
1.17663
1.17663
1.17663
1.17663
1.17663
1.17663
1.17663
1.17662
1.17662
1.17661
1.17661
1.17662
1.17662
1.17661
1.17662
1.17662
1.17662
1.17662
1.17662
1.17661
1.17661
1.17662
1.17662
1.17662
1.17662
1.17662
1.17662
1.17662
1.17662
1.17662
1.17661
1.17663
1.17663
1.17663
1.17663
1.17663
1.17663
1.17663
1.17661
1.17661
1.17661
1.17661
1.17659
1.17661
1.17663
1.17662
1.17663
1.17663
1.17663
1.17663
1.17663
1.17663
1.17663
1.17663
1.17663
1.17661
1.17662
1.17661
1.17661
1.17661
1.17661
1.17661
1.17661
1.17662
1.17662
1.17661
1.17661
1.17661
1.17662
1.17662
1.17662
1.17662
1.17662
1.17662
1.17662
1.17662
1.17662
1.17661
1.17661
1.17663
1.17663
1.17663
1.17663
1.17663
1.17663
1.17663
1.17661
1.17661
1.17661
1.1766
1.17661
1.17663
1.17663
1.17663
1.17663
1.17663
1.17663
1.17663
1.17663
1.17663
1.17663
1.17661
1.17661
1.17661
1.17661
1.17661
1.17661
1.17661
1.17661
1.17661
1.17662
1.17661
1.17661
1.17661
1.17661
1.17662
1.17662
1.17662
1.17662
1.17662
1.17661
1.17661
1.17661
1.17661
1.17663
1.17663
1.17663
1.17663
1.17663
1.17663
1.17663
1.17661
1.1766
1.1766
1.17661
1.1766
1.17661
1.17661
1.17661
1.17661
1.17661
1.17661
1.17661
1.17661
1.17661
1.17661
1.17661
1.17661
1.17661
1.17661
1.17661
1.17661
1.17662
1.17662
1.17661
1.17662
1.17661
1.17661
1.17661
1.17661
1.17661
1.17661
1.1766
1.1766
1.1766
1.17661
1.17661
1.17661
1.17661
1.17661
1.17661
1.17661
1.17661
1.17661
1.17661
1.17661
1.17661
1.17661
1.17661
1.17661
1.17661
1.17662
1.17662
1.17661
1.17662
1.17661
1.17661
1.17661
1.17661
1.17661
1.17661
1.1766
1.1766
1.1766
1.1766
1.17661
1.17661
1.17661
1.17661
1.17661
1.17661
1.17661
1.17661
1.17661
1.17661
1.17661
1.17661
1.17661
1.17661
1.17661
1.17662
1.17662
1.17661
1.17661
1.17661
1.17661
1.17661
1.17661
1.17661
1.17661
1.1766
1.1766
1.1766
1.1766
1.1766
1.17661
1.17661
1.17661
1.17661
1.17661
1.17661
1.17661
1.17661
1.17661
1.17661
1.17661
1.17661
1.17661
1.17661
1.17661
1.17661
1.17662
1.17661
1.17661
1.17661
1.17661
1.17661
1.17661
1.17661
1.17661
1.1766
1.1766
1.1766
1.1766
1.1766
1.1766
1.17661
1.17661
1.17661
1.17661
1.17661
1.17661
1.17661
1.17661
1.17661
1.17661
1.17661
1.17661
1.17661
1.17661
1.1766
1.17661
1.17661
1.17662
1.17661
1.17661
1.17661
1.17661
1.17661
1.17661
1.1766
1.1766
1.17661
1.1766
1.1766
1.1766
1.1766
1.1766
1.17661
1.17661
1.17661
1.17661
1.17661
1.17661
1.17661
1.17661
1.17661
1.17661
1.17661
1.17661
1.17661
1.17661
1.1766
1.17661
1.17661
1.17661
1.17661
1.17661
1.17661
1.17661
1.17661
1.17661
1.1766
1.1766
1.17661
1.1766
1.1766
1.1766
1.1766
1.17661
1.17661
1.17661
1.17661
1.17661
1.17661
1.17661
1.17661
1.17661
1.17661
1.17661
1.17661
1.17661
1.17661
1.1766
1.17661
1.17661
1.17661
1.17661
1.17661
1.17661
1.17661
1.17661
1.17661
1.17661
1.17661
1.17661
1.17661
1.1766
1.1766
1.1766
1.1766
1.17661
1.17661
1.17661
1.17661
1.17661
1.17661
1.17661
1.17661
1.17661
1.17661
1.17661
1.17661
1.17661
1.17661
1.1766
1.17661
1.17661
1.17661
1.17661
1.17661
1.17661
1.17661
1.17661
1.17661
1.17661
1.17661
1.17661
1.17661
1.1766
1.1766
1.1766
1.1766
1.1766
1.17661
1.17661
1.17661
1.17661
1.17661
1.17661
1.17661
1.17661
1.17661
1.17661
1.17661
1.17661
1.17661
1.17661
1.17661
1.17661
1.17661
1.17661
1.17661
1.17661
1.17661
1.17661
1.17661
1.17661
1.17661
1.17661
1.17661
1.17661
1.1766
1.1766
1.1766
1.17661
1.17661
1.17661
1.17661
1.17661
1.17661
1.17661
1.17661
1.17661
1.17661
1.17661
1.17661
1.17661
1.17661
1.17661
1.17661
1.17661
1.17661
1.17661
1.17661
1.17661
1.17661
1.17661
1.17661
1.17661
1.17661
1.17661
1.17661
1.17661
1.1766
1.1766
1.1766
1.1766
1.17661
1.1766
1.17661
1.17661
1.17661
1.17661
1.17661
1.17661
1.17661
1.17661
1.17661
1.17661
1.17661
1.17661
1.17661
1.17661
1.17661
1.1766
1.17661
1.17661
1.17661
1.17661
1.17661
1.17661
1.17661
1.17661
1.17661
1.17661
1.17661
1.1766
1.1766
1.1766
1.1766
1.17661
1.17661
1.17661
1.17661
1.17661
1.17661
1.17661
1.17661
1.17661
1.17661
1.17661
1.17661
1.17661
1.17661
1.17661
1.17661
1.17661
1.1766
1.1766
1.17661
1.17661
1.17661
1.17661
1.17661
1.17661
1.17661
1.17661
1.1766
1.17661
1.17661
1.1766
1.1766
1.1766
1.17661
1.1766
1.17661
1.17661
1.17661
1.17661
1.17661
1.17661
1.17661
1.17661
1.17661
1.17661
1.17661
1.17661
1.17661
1.17661
1.17661
1.17661
1.17661
1.1766
1.1766
1.17661
1.17661
1.17661
1.17661
1.17661
1.17661
1.17661
1.17661
1.1766
1.17661
1.17661
1.1766
1.1766
1.1766
1.17661
1.1766
1.17661
1.17661
1.17661
1.17661
1.17661
1.17661
1.17661
1.17661
1.17661
1.17661
1.17661
1.17661
1.17661
1.17661
1.1766
1.1766
1.1766
1.1766
1.1766
1.1766
1.17661
1.17661
1.17661
1.17661
1.17661
1.17661
1.17661
1.17661
1.1766
1.1766
1.17661
1.1766
1.1766
1.1766
1.1766
1.17661
1.17661
1.17661
1.17661
1.17661
1.17661
1.17661
1.17661
1.17661
1.17661
1.17661
1.17661
1.1766
1.1766
1.1766
1.1766
1.1766
1.1766
1.1766
1.1766
1.17661
1.17661
1.17661
1.17661
1.17661
1.17661
1.17661
1.17661
1.1766
1.1766
1.17661
1.17659
1.1766
1.1766
1.1766
1.1766
1.17661
1.17661
1.17661
1.17661
1.17661
1.17661
1.17661
1.17661
1.17661
1.17661
1.17661
1.1766
1.17659
1.17659
1.1766
1.1766
1.17659
1.17659
1.17661
1.17661
1.17661
1.17661
1.17661
1.17661
1.17661
1.17661
1.17661
1.1766
1.1766
1.1766
1.1766
1.1766
1.1766
1.1766
1.17661
1.1766
1.17661
1.17661
1.17661
1.17661
1.17661
1.17661
1.17661
1.17661
1.1766
1.17661
1.1766
1.1766
1.17659
1.17659
1.17659
1.17659
1.17659
1.17659
1.17659
1.17659
1.17661
1.17661
1.17661
1.17661
1.17661
1.17661
1.17661
1.17661
1.17659
1.1766
1.1766
1.17659
1.1766
1.1766
1.1766
1.1766
1.1766
1.17661
1.17661
1.17661
1.17661
1.17661
1.17661
1.17661
1.17661
1.17661
1.17661
1.1766
1.17661
1.17659
1.17659
1.1766
1.17659
1.17659
1.17659
1.17658
1.17658
1.17661
1.17661
1.17661
1.17661
1.17661
1.17661
1.17661
1.17661
1.17659
1.1766
1.1766
1.17659
1.1766
1.1766
1.1766
1.17661
1.1766
1.17661
1.17661
1.17661
1.17661
1.17661
1.17661
1.17661
1.17661
1.17661
1.1766
1.1766
1.17661
1.1766
1.17659
1.17659
1.17661
1.17658
1.17658
1.17658
1.17661
1.17661
1.17661
1.17661
1.17661
1.17661
1.17661
1.17661
1.17659
1.1766
1.1766
1.17659
1.17659
1.1766
1.1766
1.1766
1.17661
1.1766
1.17661
1.17661
1.17661
1.17661
1.17661
1.17661
1.17661
1.17661
1.17661
1.1766
1.1766
1.17662
1.17659
1.1766
1.17662
1.17662
1.17658
1.17658
1.17658
1.17661
1.17661
1.17661
1.17661
1.17661
1.17661
1.17661
1.17661
1.17658
1.17659
1.1766
1.17659
1.1766
1.1766
1.1766
1.1766
1.1766
1.17661
1.17661
1.17661
1.17661
1.17661
1.17661
1.17661
1.17661
1.1766
1.1766
1.1766
1.1766
1.17661
1.17659
1.17661
1.17662
1.17662
1.17659
1.17658
1.17658
1.17661
1.17661
1.17661
1.17661
1.17661
1.17661
1.17661
1.17661
1.17658
1.17659
1.1766
1.17659
1.17659
1.1766
1.17659
1.1766
1.1766
1.1766
1.17661
1.17661
1.1766
1.17661
1.17661
1.17661
1.17661
1.1766
1.17661
1.1766
1.1766
1.1766
1.1766
1.17662
1.1766
1.17661
1.17662
1.17662
1.17659
1.17658
1.17661
1.17661
1.17661
1.17661
1.17661
1.17661
1.17661
1.17661
1.17658
1.17659
1.17659
1.17659
1.1766
1.1766
1.1766
1.1766
1.1766
1.1766
1.17661
1.1766
1.17661
1.1766
1.17661
1.17661
1.17661
1.17661
1.1766
1.17661
1.1766
1.17659
1.1766
1.17661
1.17661
1.17662
1.17662
1.17662
1.17659
1.17658
1.17661
1.17661
1.17661
1.17661
1.17661
1.17661
1.17661
1.17661
1.17658
1.17658
1.17659
1.17659
1.17659
1.1766
1.17659
1.1766
1.1766
1.17659
1.17659
1.17661
1.1766
1.17661
1.1766
1.17661
1.17661
1.17661
1.17661
1.17661
1.1766
1.1766
1.1766
1.17658
1.1766
1.17662
1.17661
1.17661
1.17662
1.17662
1.1766
1.17659
1.17658
1.17661
1.17661
1.17661
1.17661
1.17661
1.17661
1.17661
1.17661
1.17658
1.17657
1.17659
1.17659
1.17659
1.1766
1.17659
1.1766
1.17659
1.17659
1.17661
1.17661
1.1766
1.17661
1.1766
1.17661
1.17661
1.17661
1.17661
1.17661
1.17659
1.17661
1.1766
1.17658
1.17662
1.17661
1.17661
1.17662
1.17662
1.17659
1.17659
1.17658
1.17661
1.17661
1.17661
1.17661
1.17661
1.17661
1.17661
1.17661
1.17658
1.17657
1.17659
1.17659
1.17659
1.1766
1.17659
1.1766
1.17659
1.17659
1.17661
1.17661
1.1766
1.17661
1.1766
1.17661
1.17661
1.17661
1.17661
1.17658
1.17657
1.1766
1.17661
1.17662
1.17663
1.17661
1.17661
1.17661
1.17663
1.17659
1.17659
1.17657
1.17661
1.17661
1.17661
1.17661
1.17661
1.17661
1.17661
1.17661
1.17657
1.17657
1.17658
1.17659
1.1766
1.1766
1.17659
1.17659
1.17659
1.17659
1.17661
1.1766
1.17661
1.17659
1.17661
1.1766
1.17661
1.17661
1.17661
1.1766
1.17661
1.17657
1.17659
1.1766
1.17664
1.17664
1.1766
1.17661
1.17661
1.17662
1.17658
1.17658
1.17657
1.17661
1.17661
1.17661
1.17661
1.17661
1.17661
1.17661
1.17661
1.17657
1.17657
1.17659
1.17659
1.1766
1.1766
1.17659
1.17659
1.17659
1.17659
1.1766
1.17659
1.17661
1.17659
1.17661
1.1766
1.17661
1.17661
1.1766
1.1766
1.17661
1.17656
1.17657
1.17662
1.17664
1.17664
1.17659
1.17659
1.17659
1.17662
1.17658
1.17658
1.17657
1.17661
1.17661
1.17661
1.17661
1.17661
1.17661
1.17661
1.17661
1.17661
1.17657
1.17657
1.17658
1.17659
1.1766
1.1766
1.17659
1.17659
1.17659
1.17659
1.1766
1.1766
1.17659
1.17661
1.17659
1.17661
1.17661
1.17661
1.1766
1.1766
1.17661
1.17661
1.17656
1.17658
1.17662
1.17666
1.17665
1.17659
1.17658
1.17658
1.1766
1.17657
1.17657
1.17657
1.17661
1.17661
1.17661
1.17657
1.17657
1.1766
1.17659
1.1766
1.1766
1.17659
1.17659
1.17659
1.17659
1.17659
1.17659
1.17659
1.1766
1.17659
1.1766
1.17661
1.1766
1.1766
1.17658
1.17661
1.17661
1.17655
1.17655
1.17657
1.17664
1.17667
1.17663
1.17657
1.17656
1.17655
1.1766
1.17657
1.17657
1.17656
1.17661
1.17661
1.17659
1.17658
1.1766
1.17659
1.1766
1.1766
1.17659
1.17659
1.17659
1.17659
1.17659
1.17659
1.17659
1.17659
1.17659
1.17659
1.1766
1.17661
1.17659
1.17658
1.17661
1.1766
1.17656
1.17655
1.17664
1.17668
1.17663
1.17656
1.17656
1.17655
1.17654
1.17656
1.17656
1.17656
1.17661
1.17659
1.17658
1.17661
1.17659
1.1766
1.1766
1.17659
1.17659
1.17659
1.17659
1.17659
1.17659
1.17659
1.17659
1.17659
1.17659
1.17659
1.17659
1.17661
1.17659
1.17657
1.17657
1.17661
1.17661
1.17656
1.17656
1.17655
1.17664
1.17668
1.17654
1.17655
1.17654
1.17653
1.17654
1.17656
1.17655
1.17658
1.17661
1.17661
1.17661
1.17659
1.1766
1.1766
1.17659
1.17659
1.17659
1.17659
1.17659
1.17659
1.17659
1.17659
1.17659
1.17659
1.17659
1.17659
1.17659
1.17659
1.17659
1.17657
1.1766
1.17656
1.17656
1.17655
1.17659
1.17674
1.17656
1.17655
1.17655
1.17654
1.17653
1.17652
1.17657
1.17656
1.17657
1.17661
1.17662
1.17659
1.17659
1.1766
1.1766
1.17659
1.17659
1.17659
1.17659
1.1766
1.17659
1.17659
1.17659
1.17659
1.17659
1.17659
1.17659
1.17659
1.17659
1.17659
1.17658
1.17659
1.17658
1.17657
1.17656
1.17655
1.17674
1.17658
1.17651
1.17656
1.17654
1.17653
1.17652
1.17656
1.1766
1.1766
1.1766
1.17659
1.1766
1.1766
1.17659
1.17659
1.17659
1.1766
1.1766
1.17659
1.17659
1.17659
1.17659
1.17659
1.17659
1.17659
1.17659
1.17659
1.17659
1.17658
1.17659
1.17659
1.17657
1.17656
1.17654
1.17672
1.17673
1.1765
1.17651
1.17655
1.17654
1.17655
1.17654
1.17653
1.1766
1.17661
1.17659
1.17659
1.17659
1.1766
1.1766
1.17659
1.1766
1.17659
1.1766
1.1766
1.17659
1.17659
1.17659
1.17657
1.17654
1.17673
1.17651
1.17653
1.17659
1.17661
1.17661
1.17659
1.17654
1.17661
1.1766
1.17659
1.17659
1.17659
1.1766
1.1766
1.17659
1.17659
1.1766
1.1766
1.17659
1.17654
1.17672
1.17654
1.17649
1.17653
1.17662
1.17661
1.17659
1.17659
1.17659
1.1766
1.1766
1.17659
1.17659
1.1766
1.1766
1.17659
1.17659
1.1766
1.17654
1.17673
1.17672
1.17648
1.17655
1.17661
1.17661
1.1766
1.17661
1.1766
1.1766
1.17659
1.1766
1.17659
1.17659
1.1766
1.17653
1.17672
1.17646
1.1766
1.17654
1.1766
1.1766
1.17661
1.1766
1.17659
1.17659
1.1766
1.17659
1.17659
1.17671
1.17646
1.17662
1.17659
1.17659
1.17659
1.17659
1.1766
1.17659
1.17659
1.17659
1.17659
1.17672
1.17643
1.17664
1.17657
1.17659
1.17659
1.17659
1.1766
1.17659
1.17659
1.17643
1.17662
1.17664
1.17665
1.17659
1.17659
1.17659
1.17659
1.17642
1.17662
1.17662
1.17664
1.17659
1.17659
1.17659
1.17663
1.17666
1.17659
1.17664
1.17659
)
;

boundaryField
{
    frontAndBack
    {
        type            empty;
    }
    lowerWall
    {
        type            calculated;
        value           nonuniform List<scalar> 
56
(
1.17662
1.17663
1.17659
1.17659
1.17662
1.17659
1.17663
1.17659
1.17659
1.17659
1.17659
1.17659
1.17659
1.17662
1.17659
1.17659
1.17659
1.17659
1.17662
1.17659
1.17663
1.17659
1.17659
1.17659
1.17662
1.17662
1.17659
1.17662
1.17659
1.17659
1.17659
1.17659
1.17659
1.17659
1.17659
1.17659
1.17663
1.17663
1.17663
1.17663
1.17663
1.17663
1.17663
1.17663
1.17663
1.17663
1.17663
1.17663
1.17662
1.17662
1.17663
1.17659
1.17663
1.17662
1.17659
1.17663
)
;
    }
    flap
    {
        type            calculated;
        value           nonuniform List<scalar> 
42
(
1.17659
1.17659
1.17663
1.17663
1.17663
1.17663
1.1766
1.1766
1.1766
1.1766
1.1766
1.1766
1.17663
1.17663
1.17663
1.17663
1.17663
1.1766
1.1766
1.1766
1.1766
1.1766
1.1766
1.1766
1.1766
1.1766
1.1766
1.17663
1.17663
1.1766
1.1766
1.1766
1.17659
1.17663
1.17663
1.17663
1.17663
1.17663
1.17663
1.17662
1.17662
1.17662
)
;
    }
    outlet
    {
        type            calculated;
        value           nonuniform List<scalar> 
20
(
1.17659
1.17664
1.17666
1.17642
1.17672
1.17653
1.17659
1.17659
1.17659
1.1766
1.17661
1.17661
1.17661
1.17661
1.17661
1.17661
1.17661
1.17661
1.17661
1.17661
)
;
    }
    upperWall
    {
        type            calculated;
        value           nonuniform List<scalar> 
30
(
1.17662
1.17661
1.17661
1.17662
1.17662
1.17661
1.17662
1.17662
1.17662
1.17662
1.17661
1.17662
1.17661
1.17662
1.17661
1.17661
1.17661
1.17662
1.17662
1.17661
1.17662
1.17661
1.17661
1.17661
1.17661
1.17662
1.17662
1.17662
1.17662
1.17662
)
;
    }
    inlet
    {
        type            calculated;
        value           nonuniform List<scalar> 
20
(
1.17662
1.17662
1.17662
1.17662
1.17662
1.17662
1.17662
1.17662
1.17662
1.17662
1.17662
1.17662
1.17662
1.17662
1.17662
1.17662
1.17662
1.17662
1.17662
1.17662
)
;
    }
}


// ************************************************************************* //
