/*--------------------------------*- C++ -*----------------------------------*\
  =========                 |
  \\      /  F ield         | OpenFOAM: The Open Source CFD Toolbox
   \\    /   O peration     | Website:  https://openfoam.org
    \\  /    A nd           | Version:  7
     \\/     M anipulation  |
\*---------------------------------------------------------------------------*/
FoamFile
{
    version     2.0;
    format      ascii;
    class       volVectorField;
    location    "20";
    object      U;
}
// * * * * * * * * * * * * * * * * * * * * * * * * * * * * * * * * * * * * * //

dimensions      [0 1 -1 0 0 0 0];

internalField   nonuniform List<vector> 
2878
(
(1.00007 0 6.90327e-05)
(0.998217 7.78046e-15 0.00121245)
(0.995297 -8.57651e-15 0.00296272)
(0.997348 1.2689e-13 0.00595876)
(0.99156 0 0.0044662)
(0.992011 -7.85061e-14 0.0106576)
(0.99562 7.8596e-14 0.00924124)
(0.998735 -1.28291e-13 0.00353996)
(0.987935 0 0.00336875)
(0.98809 6.75207e-14 0.013667)
(0.992031 8.21636e-15 0.0189286)
(0.997236 -1.97169e-15 0.0100297)
(0.982101 5.14882e-15 0.00403469)
(0.98262 -1.26575e-13 0.0270205)
(0.982299 -9.513e-14 0.0168484)
(0.988236 1.26481e-13 0.0243493)
(0.995857 -1.4015e-14 0.0161379)
(0.998104 0 0.00599185)
(0.976437 9.43612e-14 0.00342345)
(0.977505 -4.84068e-15 0.0321352)
(0.977035 -3.88024e-22 0.0189542)
(0.983749 0 0.0397993)
(0.99282 1.45524e-14 0.0274262)
(0.997831 -1.23967e-13 0.0139989)
(0.96962 -9.99744e-14 0.00439613)
(0.972265 -8.68187e-14 0.0493375)
(0.970455 1.13134e-14 0.0337812)
(0.969676 0 0.0218424)
(0.989202 0 0.0356801)
(0.979445 3.39345e-14 0.0473464)
(0.99656 -2.06581e-15 0.0220822)
(0.997784 1.28353e-13 0.00766225)
(0.962513 0 0.00390605)
(0.966749 9.8734e-14 0.0558507)
(0.964014 0 0.0386776)
(0.962516 -1.31375e-14 0.0236584)
(0.987422 0 0.0501543)
(0.974983 9.33236e-14 0.0652042)
(0.99446 1.44421e-13 0.0338316)
(0.99771 1.26783e-13 0.0168449)
(0.955762 0 0.00407703)
(0.958835 -1.02337e-13 0.0567937)
(0.962845 0 0.0738744)
(0.955972 1.40916e-14 0.0397625)
(0.954036 0 0.0263843)
(0.982455 -4.95943e-14 0.0615543)
(0.991742 -4.50562e-15 0.0436725)
(0.971872 0 0.0741681)
(0.997553 -1.3492e-13 0.0260327)
(0.997377 -1.30644e-13 0.00870743)
(0.945682 0 0.00663463)
(0.951687 -1.07629e-13 0.0633147)
(0.956348 0 0.0816879)
(0.947323 6.65953e-15 0.0456583)
(0.945036 0 0.0286225)
(0.982428 -1.50401e-14 0.0767904)
(0.990452 -6.56423e-14 0.0551134)
(0.967149 0 0.087461)
(0.995369 0 0.0387807)
(0.996997 1.40084e-13 0.0199886)
(0.936237 0 0.0108921)
(0.935132 1.89174e-15 0.0293601)
(0.942676 1.07506e-13 0.0667126)
(0.948077 0 0.0839344)
(0.95221 6.67317e-14 0.100405)
(0.937544 -1.80933e-15 0.0475424)
(0.979255 0 0.0868325)
(0.985148 -1.85242e-14 0.0696058)
(0.994633 7.37267e-14 0.0461289)
(0.959153 -3.46235e-14 0.0984941)
(0.9728 0 0.0977618)
(0.996792 -6.76418e-22 0.0314198)
(0.996956 -1.43157e-13 0.0103746)
(0.927791 -1.95782e-15 0.0110155)
(0.924699 1.2212e-13 0.0327282)
(0.934532 3.08095e-14 0.0737874)
(0.941199 -3.04275e-14 0.0926136)
(0.946265 -7.81311e-15 0.110573)
(0.928884 -1.34859e-14 0.053149)
(0.979851 -8.188e-14 0.104384)
(0.991822 0 0.0729775)
(0.993838 0 0.0601163)
(0.959891 -4.47967e-14 0.110507)
(0.970228 -6.82249e-14 0.106856)
(1.00188 -1.23778e-14 0.0341)
(0.998714 -1.09419e-13 0.0241577)
(0.916018 -3.98777e-15 0.0143157)
(0.913379 -1.27669e-13 0.03296)
(0.91794 -1.03901e-15 0.0542012)
(0.930223 -3.17426e-14 0.0942267)
(0.923421 1.6435e-14 0.0750007)
(0.936806 3.23444e-14 0.113014)
(0.944248 0 0.130746)
(0.979553 2.69059e-15 0.117357)
(0.985909 9.85979e-14 0.0967025)
(0.989694 -1.04832e-14 0.0840341)
(0.996946 0 0.0543894)
(0.953326 0 0.12852)
(0.967731 6.11371e-14 0.123203)
(0.99873 -1.48902e-14 0.0433219)
(0.998115 1.24487e-13 0.016147)
(0.904759 4.21493e-15 0.0134654)
(0.901636 -9.1748e-15 0.0370132)
(0.907331 1.82823e-14 0.0602481)
(0.92205 0 0.103507)
(0.913692 1.67758e-14 0.0827417)
(0.929803 0 0.123152)
(0.940069 0 0.141592)
(0.977662 -5.08644e-15 0.132278)
(0.988093 -6.97652e-14 0.110752)
(0.994916 -7.70729e-14 0.078578)
(0.99665 0 0.066586)
(0.962268 0 0.135369)
(0.996029 -5.17834e-14 0.0333244)
(1.0021 0 0.01643)
(0.889048 -2.22102e-15 0.0362625)
(0.891872 0 0.0164804)
(0.89454 9.09413e-15 0.0611848)
(0.901288 -1.81285e-14 0.0840827)
(0.918806 -4.24059e-15 0.124898)
(0.910041 -1.84665e-14 0.104919)
(0.928442 0 0.14303)
(0.935346 3.95496e-14 0.161808)
(0.974231 2.28678e-14 0.149767)
(0.989397 -9.23522e-15 0.12432)
(0.989437 1.06768e-13 0.103476)
(0.994906 9.8457e-14 0.0902417)
(0.995265 -2.25566e-15 0.0570797)
(0.955399 -1.89208e-14 0.151226)
(0.998812 0 0.0219861)
(0.995748 7.40875e-14 0.0450627)
(0.875754 -2.24114e-15 0.0410967)
(0.878705 2.30473e-15 0.0152671)
(0.88232 0 0.0676294)
(0.889588 2.88107e-16 0.0926977)
(0.909739 4.29117e-15 0.136568)
(0.899196 2.88555e-16 0.115854)
(0.920716 8.75981e-14 0.15943)
(0.928014 -1.34304e-13 0.171823)
(0.952783 -4.53239e-14 0.165518)
(0.972841 2.73557e-14 0.164871)
(0.987739 4.31239e-14 0.139343)
(0.994104 1.21844e-14 0.104322)
(0.99692 0 0.0817705)
(0.995551 0 0.0681707)
(0.996877 -1.2448e-13 0.0206111)
(1.00393 -1.35514e-13 0.0329273)
(0.867504 4.60067e-15 0.0694789)
(0.861241 -2.35297e-15 0.0409309)
(0.864012 0 0.0189129)
(0.875486 0 0.0958211)
(0.885592 5.77359e-16 0.12057)
(0.897171 -5.67548e-16 0.143115)
(0.909894 -7.21043e-14 0.163745)
(0.92057 5.85825e-14 0.186188)
(0.95054 6.1787e-14 0.177543)
(0.986491 -4.82584e-14 0.154936)
(0.971134 -7.44705e-14 0.178633)
(0.994163 -1.31932e-13 0.130329)
(0.993972 3.65795e-14 0.116259)
(0.996433 -5.22761e-15 0.0905699)
(1.00017 -1.37327e-13 0.0571126)
(0.996473 1.24487e-13 0.013432)
(1.00244 1.38227e-13 0.0456908)
(0.854939 0 0.0759877)
(0.847415 2.00309e-14 0.0460292)
(0.849927 0 0.0172139)
(0.86453 4.09987e-14 0.104284)
(0.876161 -4.11717e-14 0.131322)
(0.889678 6.16904e-16 0.155588)
(0.904823 3.81228e-14 0.177583)
(0.91428 -3.94538e-14 0.199947)
(0.93972 9.65565e-15 0.195015)
(0.957493 8.18957e-15 0.19231)
(0.986895 -2.18239e-14 0.170935)
(0.972518 1.17082e-13 0.196238)
(0.996119 6.10735e-14 0.143951)
(1.00531 0 0.106326)
(0.999632 -8.0405e-14 0.0919656)
(1.00165 1.48885e-13 0.0687086)
(0.997981 -1.24475e-13 0.0242642)
(1.00434 0 0.0356935)
(0.838215 -2.14557e-14 0.0734157)
(0.84768 0 0.101502)
(0.832073 0 0.0436063)
(0.834035 0 0.0205366)
(0.858535 -4.22944e-14 0.128733)
(0.871588 4.33855e-14 0.154379)
(0.886271 -8.28265e-14 0.17691)
(0.9001 8.04234e-14 0.195481)
(0.909381 0 0.223657)
(0.935941 0 0.210675)
(0.956804 -9.52079e-15 0.209372)
(0.987502 0 0.185992)
(0.997986 -6.01357e-14 0.159332)
(0.97155 5.97509e-14 0.213188)
(1.0064 2.48456e-14 0.131472)
(1.00566 -4.18933e-14 0.117963)
(0.998273 7.06996e-14 0.0837882)
(1.00248 -1.47657e-13 0.057909)
(0.997255 1.24487e-13 0.0116006)
(1.00307 -8.33558e-18 0.0454995)
(0.823161 7.69662e-14 0.0802082)
(0.833542 6.69245e-14 0.111051)
(0.816334 -8.67721e-14 0.0490963)
(0.817658 0 0.0188848)
(0.846314 -8.65747e-14 0.140013)
(0.860761 1.3579e-13 0.16729)
(0.876371 -8.7302e-14 0.19144)
(0.891239 1.17133e-13 0.214152)
(0.928639 0 0.231064)
(0.897106 -2.28518e-14 0.231857)
(0.954985 0 0.225222)
(0.989197 0 0.200593)
(0.999775 9.24297e-14 0.172878)
(0.974616 -5.18358e-14 0.229929)
(1.00858 -1.0583e-14 0.144091)
(1.00712 2.32566e-14 0.104555)
(1.00537 -1.36571e-13 0.0841294)
(1.00428 1.34567e-13 0.0684971)
(0.996911 0 0.0224958)
(1.00307 8.14087e-18 0.0335404)
(0.81569 -8.08585e-14 0.111219)
(0.80627 -1.02473e-13 0.0810072)
(0.828671 1.16445e-13 0.140165)
(0.799289 9.44266e-14 0.0482837)
(0.799834 2.95315e-15 0.0232274)
(0.843057 -9.49045e-14 0.16711)
(0.858926 4.46296e-14 0.192661)
(0.875256 -9.17243e-14 0.216662)
(0.922675 7.72496e-15 0.247861)
(0.892127 1.88289e-14 0.251844)
(0.953087 4.67956e-14 0.245967)
(0.989484 0 0.217217)
(1.00146 5.95788e-15 0.187446)
(1.01099 7.75177e-14 0.157948)
(0.973509 -1.0509e-15 0.244376)
(1.01287 1.02048e-14 0.128527)
(1.00606 1.23925e-13 0.0938247)
(1.00988 0 0.11575)
(1.00234 2.02765e-15 0.054564)
(0.997295 0 0.0107275)
(1.00238 1.92921e-15 0.0440447)
(0.800124 1.15313e-14 0.122248)
(0.789967 0 0.0885482)
(0.815093 9.51044e-14 0.152824)
(0.782728 1.02804e-13 0.0537721)
(0.782385 -1.48025e-14 0.0211455)
(0.830814 -9.60361e-14 0.182234)
(0.849406 9.06377e-14 0.209037)
(0.868547 -4.83255e-14 0.233478)
(0.917598 -5.7296e-14 0.266385)
(0.894144 0 0.274187)
(0.870121 5.00883e-14 0.258643)
(0.952823 -8.52616e-14 0.258293)
(0.993132 0 0.232491)
(1.00427 0 0.200342)
(1.01408 -9.69706e-14 0.169967)
(0.981507 0 0.263656)
(0.967287 2.05492e-14 0.264064)
(1.01619 0 0.139648)
(1.00641 4.07927e-15 0.0772442)
(1.01152 0 0.100956)
(1.00426 -3.97015e-15 0.0653854)
(1.00001 1.24373e-13 0.0223438)
(1.00545 -1.25701e-13 0.0322965)
(0.794272 -1.09645e-13 0.153841)
(0.779807 3.83236e-16 0.122408)
(0.770288 0 0.0879452)
(0.810417 9.57961e-14 0.184169)
(0.763492 -8.67082e-14 0.0505943)
(0.763492 0 0.0257352)
(0.829696 -9.56655e-14 0.212541)
(0.849244 0 0.237124)
(0.91744 3.95944e-14 0.289499)
(0.89048 -4.44867e-14 0.296069)
(0.865133 1.04085e-13 0.277761)
(0.949719 6.06895e-14 0.283048)
(0.994785 0 0.249594)
(1.00587 0 0.217731)
(1.01614 -1.02861e-13 0.186108)
(1.01933 0 0.15468)
(0.984099 8.38892e-14 0.287101)
(0.968446 -1.11586e-14 0.285424)
(1.01897 5.12804e-15 0.124094)
(1.00905 0 0.0882673)
(1.01504 -4.85041e-15 0.110856)
(1.00659 -4.17938e-15 0.0523859)
(0.998754 -1.24487e-13 0.0133532)
(1.0058 1.32548e-13 0.0414281)
(0.780134 5.41836e-14 0.167156)
(0.764513 1.39547e-13 0.13255)
(0.754679 -2.87857e-14 0.0944272)
(0.798657 -7.82811e-16 0.199933)
(0.746887 0 0.0553961)
(0.741171 0 0.0181026)
(0.820428 0 0.230462)
(0.841966 0 0.255937)
(0.917186 0 0.308986)
(0.891631 4.82059e-14 0.317904)
(0.8654 -5.27146e-14 0.30229)
(0.840587 -5.01103e-14 0.280243)
(0.951627 -1.29358e-14 0.2979)
(1.00059 0 0.267217)
(1.01005 3.70317e-14 0.232923)
(1.02009 1.10769e-13 0.199279)
(1.0235 -1.12621e-14 0.165649)
(0.986827 -1.02513e-13 0.30285)
(0.968639 0 0.299995)
(1.02276 0 0.133883)
(1.0128 0 0.0742461)
(1.01747 -7.88186e-14 0.0948893)
(1.00932 0 0.0619599)
(1.00143 0 0.0135736)
(1.00076 0 0.0301332)
(0.756887 -8.98691e-14 0.16335)
(0.773708 0 0.196922)
(0.743678 -8.82011e-14 0.127159)
(0.734928 0 0.0910592)
(0.793754 0 0.227927)
(0.721521 -5.75661e-15 0.0581813)
(0.716974 5.79698e-15 0.0169302)
(0.816538 0 0.256211)
(0.919453 5.11787e-14 0.330657)
(0.890146 -5.28065e-14 0.341225)
(0.862468 -5.51444e-14 0.324172)
(0.834434 -3.45925e-15 0.302018)
(0.949229 -9.97628e-14 0.322101)
(1.00492 1.62545e-14 0.290465)
(1.01475 -1.27641e-14 0.249793)
(1.02481 -1.16318e-13 0.214569)
(1.02762 -1.16453e-14 0.180046)
(1.02688 8.6029e-14 0.147596)
(0.987568 0 0.325643)
(0.974023 0 0.321688)
(1.02564 9.37167e-15 0.117406)
(1.01511 8.91691e-15 0.082538)
(1.02125 6.68563e-14 0.105302)
(1.00315 -1.27387e-13 0.0471305)
(0.999875 0 0.0201235)
(1.00183 -4.89423e-16 0.036985)
(0.741756 6.13112e-14 0.17691)
(0.75969 0 0.213205)
(0.727081 1.18183e-13 0.137907)
(0.716154 0 0.0987691)
(0.781907 -5.39865e-14 0.247615)
(0.701835 -1.44469e-14 0.0598501)
(0.696807 0 0.0154257)
(0.807352 -5.45261e-14 0.277134)
(0.922346 -1.03007e-13 0.3507)
(0.892514 5.57158e-14 0.362539)
(0.863243 7.2158e-14 0.34852)
(0.833985 5.66499e-14 0.32722)
(0.804856 0 0.303256)
(0.961557 4.42353e-14 0.337211)
(1.01107 -1.74777e-14 0.304712)
(1.02089 0 0.264672)
(1.03051 8.53936e-14 0.228755)
(1.03449 1.3526e-21 0.192849)
(1.03263 -7.55268e-14 0.158613)
(0.988985 0 0.340393)
(1.03089 8.1433e-15 0.127598)
(1.0111 -5.94525e-15 0.0755002)
(1.02055 -2.2357e-15 0.0862272)
(1.0066 1.32333e-13 0.0569328)
(1.00284 -1.24392e-13 0.00823192)
(1.00248 1.27198e-13 0.0318897)
(0.718473 -6.73115e-14 0.172278)
(0.734425 0 0.20863)
(0.753601 6.07252e-14 0.243222)
(0.704774 -1.23167e-13 0.134412)
(0.69139 1.50138e-14 0.095914)
(0.77748 5.65174e-14 0.275127)
(0.681474 1.52157e-14 0.0629399)
(0.678752 5.03725e-15 0.0152526)
(0.925702 1.27859e-20 0.374743)
(0.89294 -5.88441e-14 0.387168)
(0.86232 4.51281e-14 0.37266)
(0.829897 0 0.352089)
(0.797581 -5.86402e-14 0.327036)
(0.966942 -3.88666e-14 0.361384)
(1.02657 1.56896e-14 0.283263)
(1.01432 -7.72621e-14 0.326653)
(1.03562 0 0.24592)
(1.04223 -1.09822e-14 0.209108)
(1.03807 1.8395e-14 0.171634)
(1.03674 -8.73696e-14 0.138429)
(0.99379 1.70051e-14 0.364587)
(1.02882 1.6779e-14 0.1061)
(1.00516 0 0.0680807)
(1.0246 -1.63865e-14 0.0949913)
(1.01117 -1.29614e-13 0.0434881)
(1.00337 1.2558e-13 0.0150838)
(0.999399 -1.26779e-13 0.0267126)
(0.702184 -6.50605e-14 0.186733)
(0.719609 -3.33092e-14 0.225865)
(0.740744 -3.30284e-14 0.263221)
(0.686811 0 0.145814)
(0.669311 -1.21668e-13 0.105974)
(0.766938 3.07918e-14 0.296929)
(0.66157 -1.68582e-14 0.0646656)
(0.658565 0 0.0132238)
(0.930018 0 0.395722)
(0.900867 6.35075e-14 0.410185)
(0.865482 -7.75451e-15 0.397873)
(0.831356 -6.06045e-14 0.378445)
(0.796696 6.04151e-14 0.354965)
(0.76536 3.25773e-14 0.326787)
(0.972234 5.21185e-14 0.380331)
(1.03406 0 0.296972)
(1.02162 5.92692e-14 0.340023)
(1.04283 -1.77456e-15 0.258694)
(1.04831 8.55011e-22 0.216965)
(1.04791 1.82799e-14 0.182531)
(1.04363 7.87845e-14 0.147863)
(1.00059 0 0.38105)
(1.03487 9.2219e-15 0.114838)
(1.01583 1.00036e-15 0.0634664)
(1.024 -1.20945e-13 0.0776622)
(1.01432 1.24775e-13 0.0502653)
(1.00039 -1.24918e-13 0.0129948)
(1.00587 4.89481e-16 0.0250221)
(0.693536 6.61371e-14 0.220653)
(0.676775 6.95845e-14 0.181728)
(0.713523 -3.41311e-14 0.258961)
(0.73797 -2.97993e-14 0.294745)
(0.659783 0 0.142454)
(0.644387 1.32056e-13 0.103511)
(0.636086 -4.26157e-15 0.0668509)
(0.637602 4.23918e-15 0.0154197)
(0.940215 -2.39332e-14 0.418784)
(0.904052 4.78806e-14 0.440856)
(0.86697 8.01077e-15 0.423309)
(0.830884 0 0.405642)
(0.792557 0 0.381149)
(0.757409 -3.34049e-14 0.354126)
(0.974745 1.09898e-13 0.405709)
(1.03949 8.7907e-15 0.318796)
(1.04838 0 0.277599)
(1.02455 1.1157e-14 0.364759)
(1.05356 -1.22884e-14 0.237732)
(1.05538 2.58731e-14 0.209017)
(1.04929 -8.03519e-14 0.159938)
(1.05185 2.66559e-14 0.191191)
(1.04208 -9.89865e-15 0.128427)
(1.00595 0 0.395558)
(1.03504 4.36757e-15 0.0960506)
(1.01948 1.91608e-15 0.0697467)
(1.02896 1.308e-13 0.0849245)
(1.00751 0 0.0366287)
(0.998357 1.24764e-13 0.00713705)
(1.00603 0 0.0303219)
(0.677604 -1.55721e-14 0.239398)
(0.658809 5.744e-16 0.197268)
(0.700352 -3.64226e-14 0.279566)
(0.727404 -3.83072e-14 0.319341)
(0.640741 7.53087e-14 0.153362)
(0.623649 7.87099e-14 0.113617)
(0.614794 -7.76093e-14 0.0677689)
(0.615222 0 0.0139388)
(0.95134 -5.69862e-14 0.439147)
(0.870475 -2.9403e-14 0.449732)
(0.913105 3.0021e-14 0.462362)
(0.834372 -4.54363e-15 0.430668)
(0.793373 4.28178e-15 0.409914)
(0.757126 -3.50756e-14 0.383918)
(0.722979 1.04666e-13 0.35228)
(0.987995 -5.85817e-14 0.423574)
(1.04779 1.74252e-14 0.332705)
(1.05831 -2.68068e-14 0.290307)
(1.0341 2.09165e-14 0.377227)
(1.06057 0 0.24762)
(1.06374 -7.22236e-15 0.22163)
(1.05848 1.13084e-13 0.172751)
(1.06096 -1.03747e-13 0.200954)
(1.05027 0 0.1357)
(1.01707 -7.74435e-15 0.414384)
(1.04195 7.91676e-15 0.103657)
(1.01485 -1.9735e-15 0.051734)
(1.02511 1.0388e-15 0.0674293)
(1.0104 0 0.04314)
(0.9998 0 0.0118082)
(1.00486 1.24336e-13 0.0185333)
(0.671241 9.29944e-14 0.274929)
(0.649564 5.72516e-16 0.234141)
(0.630001 0 0.191671)
(0.695003 -3.81954e-14 0.314441)
(0.614693 -8.36185e-14 0.150515)
(0.598131 -7.49669e-14 0.108052)
(0.59044 8.62936e-14 0.0699278)
(0.594811 0 0.0146679)
(0.961725 0 0.461239)
(0.872624 3.75185e-14 0.472832)
(0.920171 0 0.482767)
(0.830392 -6.27254e-14 0.466776)
(0.791675 -7.61329e-14 0.439796)
(0.753062 7.30375e-14 0.41482)
(0.715807 0 0.379671)
(0.996831 -6.27474e-14 0.438888)
(1.06771 3.10735e-14 0.312476)
(1.0532 -1.87944e-14 0.35577)
(1.06649 0 0.268943)
(1.03866 -1.68776e-14 0.404183)
(1.07129 0 0.23417)
(1.07119 -1.22681e-15 0.219513)
(1.05945 -1.08192e-13 0.149734)
(1.06757 -3.94896e-14 0.183673)
(1.04854 5.8495e-14 0.112357)
(1.01886 6.70025e-14 0.439789)
(1.03727 0 0.0822853)
(1.01981 0 0.0584964)
(1.0309 0 0.0739559)
(1.00822 0 0.0306995)
(0.998946 0 0.00527161)
(1.00647 -1.24605e-13 0.0234557)
(0.657734 0 0.298743)
(0.632631 -3.7674e-14 0.255609)
(0.611603 3.88018e-14 0.207362)
(0.685044 0 0.339637)
(0.595134 8.5331e-14 0.163308)
(0.578237 6.06156e-14 0.116939)
(0.568488 8.38075e-14 0.0712946)
(0.572491 8.48379e-14 0.0128998)
(0.990186 5.37033e-14 0.468908)
(0.950413 0 0.491022)
(0.880724 -6.95555e-14 0.499862)
(0.834136 8.5168e-14 0.486482)
(0.907544 2.9594e-14 0.517452)
(0.794499 1.80964e-14 0.468495)
(0.749826 7.79299e-14 0.443053)
(0.709501 -6.81195e-14 0.410185)
(0.677665 0 0.370585)
(1.07505 3.91091e-14 0.321261)
(1.0632 0 0.366641)
(1.07632 1.21617e-14 0.279766)
(1.04873 -2.3194e-14 0.415807)
(1.08431 -1.69574e-14 0.250415)
(1.07969 -3.62887e-14 0.219121)
(1.07017 1.33756e-13 0.158447)
(1.07655 2.97308e-14 0.194118)
(1.05656 -7.20531e-14 0.119496)
(1.02898 -1.15643e-13 0.455006)
(1.0447 4.04673e-15 0.0889513)
(1.01572 1.27972e-13 0.0434027)
(1.02625 0 0.0556913)
(1.01158 -8.62947e-16 0.0362832)
(1.00089 1.24477e-13 0.00956123)
(1.0042 -1.2167e-16 0.0174611)
(0.622383 3.74898e-14 0.290245)
(0.648856 1.27021e-15 0.33115)
(0.598551 -3.83906e-14 0.24454)
(0.581456 0 0.19899)
(0.565565 -6.65243e-14 0.153811)
(0.552845 -8.85431e-14 0.108304)
(0.541588 -9.31369e-14 0.0723105)
(0.550601 -8.16564e-14 0.0149776)
(1.00148 5.42362e-14 0.485728)
(0.960433 0 0.510266)
(0.862034 -1.14297e-14 0.530256)
(0.83413 1.15044e-14 0.509904)
(0.917825 3.42774e-14 0.539222)
(0.784154 -4.07121e-14 0.499354)
(0.747867 -1.66427e-15 0.465186)
(0.705811 -1.07304e-14 0.443084)
(0.668098 8.5452e-14 0.401707)
(1.0877 9.01405e-14 0.321642)
(1.07788 -4.77947e-14 0.348461)
(1.06922 0 0.39263)
(1.08617 1.83296e-15 0.29145)
(1.05272 1.27897e-13 0.443404)
(1.09509 -8.51468e-16 0.261114)
(1.0891 1.00465e-13 0.229105)
(1.07913 6.8159e-14 0.166361)
(1.06599 6.00687e-14 0.130135)
(1.08726 0 0.196721)
(1.05198 0 0.0964515)
(1.02908 6.98403e-15 0.485778)
(1.03942 -4.05507e-15 0.068246)
(1.02064 -1.22919e-13 0.0487836)
(1.03252 0 0.0610331)
(1.0099 -2.82907e-25 0.0236429)
(1.00258 1.21698e-16 0.0144605)
(0.999129 -1.24487e-13 0.00447436)
(0.608731 8.37489e-14 0.31522)
(0.637564 -1.34462e-15 0.358378)
(0.582016 -8.35151e-14 0.265308)
(0.562098 0 0.215425)
(0.544981 -8.60499e-14 0.167489)
(0.529477 0 0.119274)
(0.51827 1.19264e-14 0.0724579)
(0.526783 0 0.0134851)
(0.994926 -9.91316e-14 0.515135)
(0.952793 0 0.547226)
(0.870486 0 0.555519)
(0.812079 -3.94263e-14 0.543614)
(0.909123 -7.87121e-14 0.571185)
(0.749314 -5.59443e-21 0.492158)
(0.78756 3.67235e-14 0.522367)
(0.706117 -1.49323e-14 0.46607)
(0.661693 0 0.432255)
(0.625843 -8.10954e-14 0.388265)
(1.09883 -9.33742e-14 0.337957)
(1.0891 -1.2088e-14 0.357624)
(1.08397 2.9277e-14 0.405529)
(1.09922 -6.85165e-14 0.303275)
(1.06486 -8.37556e-14 0.458111)
(1.10511 -1.15824e-13 0.273582)
(1.10041 -1.00782e-13 0.235941)
(1.09117 -1.05921e-13 0.174144)
(1.07689 -6.36169e-14 0.138087)
(1.0975 -9.50615e-14 0.205929)
(1.06084 -1.05795e-15 0.103125)
(1.04283 5.82916e-14 0.500302)
(1.0473 4.99689e-16 0.0734445)
(1.01678 0 0.0336512)
(1.02765 -1.26511e-13 0.0437838)
(1.01317 0 0.0278931)
(1.00521 -1.24553e-13 0.0140103)
(1.00118 0 0.00721355)
(0.594452 -3.41214e-16 0.34335)
(0.568291 -9.92044e-14 0.296779)
(0.548395 9.11755e-14 0.250075)
(0.530515 1.13504e-14 0.203957)
(0.514704 9.10122e-14 0.158249)
(0.501274 -1.2412e-14 0.111913)
(0.492891 1.31387e-14 0.0741957)
(0.50555 -1.30317e-14 0.0144801)
(1.00852 1.09883e-13 0.532121)
(0.96857 -4.4968e-15 0.565726)
(0.857634 0 0.588961)
(0.820097 4.53829e-14 0.569535)
(0.924734 0 0.595127)
(0.726245 1.26706e-13 0.519354)
(0.76142 -9.19299e-14 0.562728)
(0.69943 1.363e-14 0.502924)
(0.650448 4.17304e-14 0.467687)
(0.61365 0 0.419804)
(1.11103 9.84496e-14 0.347405)
(1.09932 4.44655e-15 0.384718)
(1.09512 -3.5931e-14 0.439248)
(1.11227 0 0.315891)
(1.06875 0 0.489978)
(1.11839 1.03924e-13 0.284051)
(1.11261 0 0.247237)
(1.08794 8.89902e-14 0.147576)
(1.10411 -5.20504e-14 0.183231)
(1.07186 -6.81022e-14 0.114286)
(1.11036 6.60547e-14 0.214011)
(1.05669 1.26109e-13 0.0828719)
(1.04046 -7.99161e-15 0.531829)
(1.04143 1.2779e-13 0.0540129)
(1.02189 0 0.0380372)
(1.03406 1.22046e-13 0.0477166)
(1.0095 1.2459e-13 0.0176328)
(1.0033 1.24474e-13 0.00994877)
(0.999493 0 0.00310414)
(0.580969 3.70708e-16 0.370823)
(0.55241 6.17035e-15 0.323023)
(0.530507 -7.56262e-16 0.27174)
(0.510427 -1.09051e-13 0.221195)
(0.491871 -1.19228e-14 0.173384)
(0.477888 1.15584e-13 0.123189)
(0.469173 -1.30571e-14 0.0744287)
(0.482103 1.29796e-14 0.0125571)
(1.00376 -6.82698e-14 0.567474)
(0.963225 -3.81869e-14 0.603465)
(0.872819 9.26433e-14 0.61603)
(0.804838 4.8918e-14 0.60133)
(0.914192 3.65245e-14 0.632409)
(0.728526 -7.37603e-14 0.545658)
(0.769018 9.46173e-14 0.585678)
(0.65131 1.98894e-14 0.498378)
(0.604915 -3.35718e-14 0.452515)
(0.571381 0 0.401619)
(1.12367 -1.86934e-14 0.365876)
(1.11145 0 0.395502)
(1.10203 0 0.445322)
(1.12558 0 0.325772)
(1.08312 -4.6491e-14 0.499537)
(1.13161 7.33485e-15 0.296003)
(1.12529 0 0.256324)
(1.10079 -7.98863e-14 0.155052)
(1.12008 1.05602e-13 0.190958)
(1.08266 6.461e-14 0.12087)
(1.12392 9.78124e-14 0.225282)
(1.06567 -1.32321e-13 0.087671)
(1.05662 0 0.546215)
(1.049 -1.26976e-13 0.0597608)
(1.01731 0 0.0243137)
(1.02758 -1.24455e-13 0.0321195)
(1.01296 -1.24342e-13 0.0199443)
(1.00496 0 0.00817486)
(1.00137 1.24473e-13 0.00457165)
(0.5389 0 0.352644)
(0.515532 0 0.304845)
(0.495724 0 0.257067)
(0.477706 1.00039e-13 0.210757)
(0.461795 -6.72935e-15 0.1656)
(0.449569 -1.05996e-13 0.1152)
(0.441909 -6.63716e-15 0.0753668)
(0.46055 6.77906e-15 0.0141469)
(1.02122 -7.65821e-14 0.583296)
(0.981525 9.96194e-21 0.621072)
(0.857032 -9.40862e-14 0.652001)
(0.814995 -4.80585e-14 0.630923)
(0.934835 -3.79754e-14 0.655657)
(0.69817 4.59991e-14 0.580289)
(0.746788 -4.54566e-14 0.632341)
(0.656302 2.55212e-14 0.520576)
(0.594147 -7.2835e-14 0.476849)
(0.548959 0 0.442595)
(1.13907 1.8207e-14 0.374922)
(1.1277 3.50204e-14 0.415985)
(1.11849 -6.94051e-14 0.442448)
(1.10766 0 0.463175)
(1.14064 -9.29241e-14 0.343232)
(1.10631 0 0.505219)
(1.08315 6.34998e-14 0.544368)
(1.14436 -7.68803e-15 0.304307)
(1.1398 1.20637e-13 0.272157)
(1.11405 -5.33345e-14 0.164878)
(1.09375 1.84705e-14 0.128423)
(1.13545 8.7173e-14 0.201457)
(1.07538 1.47611e-13 0.0946882)
(1.13604 -9.89303e-14 0.23366)
(1.0576 0 0.0652324)
(1.05309 3.73193e-14 0.58365)
(1.04851 0 0.0381213)
(1.02216 1.53126e-17 0.0279901)
(1.03491 1.25773e-13 0.0349441)
(1.00845 0 0.0102437)
(1.00312 0 0.00567212)
(0.999901 -1.24487e-13 0.00187595)
(0.524353 -2.80749e-14 0.381162)
(0.498636 0 0.333293)
(0.478081 -1.10111e-13 0.278509)
(0.456732 1.15325e-13 0.231545)
(0.439075 1.01706e-13 0.181885)
(0.426468 9.79717e-14 0.126473)
(0.417502 1.13258e-13 0.0753923)
(0.436644 -1.14826e-13 0.0120623)
(1.01609 8.17838e-14 0.622995)
(0.973631 8.33807e-14 0.664324)
(0.877302 0 0.680736)
(0.798058 -1.44881e-14 0.662146)
(0.921802 0 0.69841)
(0.703166 -4.92478e-14 0.612086)
(0.659221 -8.96976e-14 0.555836)
(0.759326 1.37761e-14 0.652739)
(0.604015 3.19736e-14 0.537586)
(0.542901 2.78661e-14 0.463978)
(0.592396 6.51564e-14 0.506193)
(0.504789 -1.64716e-22 0.418927)
(1.15745 6.95705e-14 0.394899)
(1.14906 0 0.42872)
(1.13179 -7.5296e-14 0.462021)
(1.15685 7.11625e-14 0.351447)
(1.1266 2.8335e-14 0.515259)
(1.10156 6.57551e-14 0.556549)
(1.15929 0 0.317745)
(1.15257 -1.22124e-13 0.279173)
(1.12701 -2.61171e-21 0.170747)
(1.10536 4.88739e-15 0.134276)
(1.14871 -7.86e-14 0.211133)
(1.08587 -1.44483e-13 0.0995031)
(1.15062 6.74776e-15 0.246593)
(1.06696 2.05559e-15 0.0695848)
(1.07236 -1.13544e-13 0.597116)
(1.04044 0 0.0362965)
(1.06081 0 0.0449297)
(1.02076 -1.51714e-17 0.0151126)
(1.02814 -2.43146e-16 0.0183975)
(1.01208 0 0.013152)
(1.00257 1.24443e-13 0.00345109)
(1.0011 1.24475e-13 0.0016629)
(0.484885 0 0.363814)
(0.46056 -1.752e-15 0.312067)
(0.441393 9.39498e-14 0.263996)
(0.421296 -1.1989e-13 0.217778)
(0.406569 -1.01299e-13 0.168117)
(0.39692 -1.17411e-13 0.114617)
(0.388906 -1.1668e-13 0.0733774)
(0.413595 1.17758e-13 0.0152016)
(1.03623 6.36505e-14 0.637509)
(0.995154 -7.24177e-14 0.680539)
(0.859771 -6.26006e-15 0.725515)
(0.815858 1.10619e-13 0.697693)
(0.946557 0 0.720056)
(0.673098 0 0.644233)
(0.632713 -3.68843e-14 0.58276)
(0.733409 0 0.703189)
(0.602973 -4.06596e-14 0.561878)
(0.530437 -3.25648e-14 0.490425)
(0.547833 0 0.520526)
(0.478674 -7.94358e-14 0.428624)
(1.17548 -9.05403e-14 0.403481)
(1.17156 0 0.449779)
(1.14292 5.8341e-14 0.470809)
(1.1767 0 0.370475)
(1.12914 -3.25996e-14 0.55415)
(1.14316 9.78773e-21 0.518822)
(1.10265 -1.10121e-13 0.59562)
(1.17449 0 0.325637)
(1.16749 0 0.290868)
(1.11665 2.3417e-14 0.139439)
(1.14103 7.82102e-14 0.175923)
(1.09759 2.61339e-22 0.10769)
(1.16338 0 0.224327)
(1.16081 -9.36512e-14 0.194161)
(1.07748 -2.09537e-15 0.0750264)
(1.16122 0 0.252912)
(1.06981 6.03524e-14 0.637481)
(1.04101 -1.2452e-13 0.0266201)
(1.07005 9.9244e-16 0.0476825)
(1.01526 0 0.0152997)
(1.03511 2.43031e-16 0.0220262)
(1.01242 1.2439e-13 0.00315475)
(1.00506 -1.24442e-13 0.00393598)
(1.00006 -1.24485e-13 -5.66955e-05)
(0.466442 -1.13841e-13 0.405756)
(0.439228 1.67158e-15 0.340506)
(0.422401 1.37108e-14 0.290116)
(0.400093 -4.97109e-14 0.239727)
(0.384647 0 0.183942)
(0.374037 0 0.126236)
(0.362926 6.09189e-14 0.0732551)
(0.388787 0 0.0142893)
(1.03069 -2.24101e-14 0.682098)
(0.984819 0 0.728453)
(0.886277 -1.37547e-14 0.753595)
(0.788566 -1.01025e-13 0.736488)
(0.926944 1.35679e-14 0.771325)
(0.680637 -5.48726e-14 0.683903)
(0.634845 4.36824e-21 0.61461)
(0.749102 0 0.723785)
(0.566022 -6.86103e-14 0.582433)
(0.482627 0 0.495173)
(0.546004 0 0.551044)
(0.471269 1.37882e-13 0.454578)
(1.19817 -5.25977e-14 0.424481)
(1.19297 0 0.45862)
(1.16149 4.70672e-14 0.474387)
(1.19482 0 0.376925)
(1.14907 -3.30323e-14 0.563871)
(1.1619 3.33789e-14 0.525477)
(1.12421 3.62415e-14 0.606282)
(1.19306 6.18603e-14 0.341059)
(1.1809 0 0.296654)
(1.13197 -4.18432e-14 0.143797)
(1.14815 9.46779e-14 0.161767)
(1.10974 -1.09746e-14 0.112002)
(1.17874 0 0.23194)
(1.17684 2.24852e-14 0.200314)
(1.08808 -2.09659e-15 0.0788412)
(1.17494 1.3382e-13 0.26449)
(1.09312 0 0.649813)
(1.04922 1.24219e-13 0.0289165)
(1.05885 9.75421e-16 0.029722)
(1.07953 1.25293e-13 0.0531392)
(1.022 0 0.00497931)
(1.03398 1.2424e-13 0.00363085)
(1.01657 0 0.00230388)
(1.00808 -1.24442e-13 0.00291504)
(0.419732 8.9291e-14 0.374695)
(0.404643 -6.81146e-15 0.318701)
(0.378529 0 0.267912)
(0.363457 6.27552e-14 0.215819)
(0.352319 -1.03889e-15 0.163427)
(0.342696 -7.86874e-15 0.110847)
(0.339304 -7.42405e-14 0.0727737)
(0.36887 0 0.0148054)
(1.0552 0 0.695751)
(1.01063 0 0.743829)
(0.855119 0 0.803062)
(0.815176 -5.7052e-14 0.771145)
(0.956399 1.3757e-14 0.792117)
(0.643671 1.00281e-13 0.711345)
(0.597951 6.13373e-14 0.64723)
(0.714784 0 0.79032)
(0.565728 6.33852e-14 0.613497)
(0.475652 0 0.53243)
(0.494235 6.23445e-14 0.571656)
(0.417208 -8.59477e-22 0.474725)
(1.22306 6.54642e-14 0.431091)
(1.21318 0 0.46373)
(1.18202 -1.13691e-13 0.505582)
(1.21861 0 0.392743)
(1.15453 -1.76129e-14 0.601368)
(1.17467 0 0.556239)
(1.12731 0 0.646772)
(1.20955 -6.47421e-14 0.347475)
(1.199 0 0.310098)
(1.12328 -6.01416e-14 0.119256)
(1.16522 -4.19395e-14 0.16347)
(1.10052 6.278e-15 0.085234)
(1.18862 -1.25917e-13 0.2698)
(1.19382 0 0.23643)
(1.19452 0 0.206797)
(1.09327 0 0.693717)
(1.04743 0 0.00321102)
(1.06843 0 0.0305933)
(1.09016 -1.24583e-13 0.055883)
(1.02769 -1.2432e-13 0.00389284)
(1.03974 0 0.00301334)
(0.396801 -4.25844e-14 0.402264)
(0.374853 7.17711e-15 0.34406)
(0.355334 -6.43346e-14 0.289684)
(0.340587 0 0.239758)
(0.329703 1.0825e-15 0.179866)
(0.318218 2.40932e-14 0.124251)
(0.314916 -7.12856e-14 0.0732802)
(0.346189 0 0.0129796)
(1.05212 0 0.742961)
(1.00212 1.25125e-14 0.798252)
(0.888941 7.36402e-14 0.831346)
(0.774901 9.87076e-14 0.820521)
(0.93556 -1.3935e-14 0.851547)
(0.65572 2.99387e-14 0.764973)
(0.606769 0 0.677747)
(0.732644 1.46128e-14 0.810331)
(0.521214 0 0.636854)
(0.427295 3.88936e-14 0.53536)
(0.492408 -6.97331e-14 0.60273)
(0.385667 -1.22869e-14 0.431527)
(0.413975 -7.44104e-14 0.495047)
(1.24615 0 0.442557)
(1.22134 0 0.507241)
(1.23707 0 0.469572)
(1.20114 1.69305e-20 0.50985)
(1.24034 0 0.399219)
(1.17799 1.72858e-14 0.608789)
(1.19543 0 0.562807)
(1.15316 0 0.655493)
(1.22938 -6.82821e-14 0.355734)
(1.21475 -1.63365e-14 0.315504)
(1.1378 7.42638e-14 0.123087)
(1.15461 -1.64431e-14 0.130356)
(1.18581 5.74999e-14 0.168681)
(1.11308 0 0.0886407)
(1.20405 -1.05351e-13 0.277638)
(1.20946 -1.18625e-13 0.246228)
(1.21365 0 0.215761)
(1.12149 2.10231e-14 0.704012)
(1.05923 0 0.00631653)
(1.07983 1.26054e-13 0.0334918)
(1.10213 -1.30591e-13 0.0607658)
(0.359346 5.82309e-14 0.371897)
(0.337852 6.16669e-14 0.316534)
(0.319853 -8.72178e-15 0.26316)
(0.303841 0 0.207308)
(0.295916 -1.74168e-14 0.156544)
(0.28935 0 0.108862)
(0.290751 7.44066e-14 0.0710144)
(0.325914 0 0.014531)
(1.08224 0 0.754567)
(1.03539 -7.26273e-14 0.811909)
(0.85136 -1.039e-13 0.899782)
(0.807267 4.81969e-14 0.86579)
(0.974904 0 0.870286)
(0.604375 -3.43463e-14 0.786207)
(0.558782 0 0.723427)
(0.71327 -1.67494e-14 0.886722)
(0.522386 0 0.685522)
(0.42492 -3.52579e-14 0.580806)
(0.446127 -6.56782e-14 0.621663)
(0.340517 1.66899e-14 0.448966)
(0.365619 1.78111e-14 0.512969)
(1.27147 -3.76762e-14 0.444125)
(1.2453 6.23519e-14 0.510366)
(1.26057 2.13077e-16 0.491779)
(1.21748 8.91778e-14 0.550164)
(1.26328 3.31326e-14 0.406934)
(1.1868 0 0.647729)
(1.20712 0 0.599093)
(1.15938 -4.08802e-14 0.697784)
(1.24745 8.97095e-14 0.361307)
(1.23185 -8.38916e-14 0.32168)
(1.12801 1.10903e-13 0.0950858)
(1.17104 0 0.135123)
(1.2 -8.28316e-14 0.175605)
(1.21919 1.21942e-13 0.282012)
(1.2267 9.2896e-14 0.249682)
(1.23192 2.15536e-14 0.219515)
(1.12464 2.2773e-14 0.749186)
(1.0686 0 0.0109501)
(1.09091 -1.25534e-13 0.0339147)
(1.11418 1.29541e-13 0.0637366)
(0.321415 0 0.392593)
(0.302909 6.3503e-14 0.335717)
(0.296977 5.6489e-14 0.278087)
(0.276986 8.05101e-14 0.229047)
(0.27236 9.29969e-14 0.175596)
(0.265283 0 0.122843)
(0.264955 7.79449e-14 0.0724459)
(0.302713 0 0.0124856)
(1.08316 0 0.806525)
(1.03235 8.15214e-14 0.869981)
(0.897357 2.97544e-14 0.926112)
(0.769839 -7.19299e-14 0.924062)
(0.968298 -3.0074e-14 0.935838)
(0.617531 -8.48111e-14 0.855094)
(0.567883 2.05297e-15 0.750144)
(0.660421 0 0.899138)
(0.458658 0 0.692275)
(0.359068 0 0.582977)
(0.446805 9.27272e-14 0.65013)
(0.31431 1.68138e-14 0.415796)
(0.332424 -1.92049e-14 0.479703)
(0.358711 0 0.543192)
(1.29655 0 0.4592)
(1.26601 -5.03112e-14 0.538765)
(1.28655 8.3463e-14 0.491236)
(1.23997 -2.77589e-14 0.554825)
(1.28555 0 0.409174)
(1.21394 7.25699e-14 0.6522)
(1.23132 3.32623e-14 0.603358)
(1.18997 9.98285e-14 0.703322)
(1.26887 6.58774e-14 0.366281)
(1.25016 6.34409e-14 0.325399)
(1.14252 -1.29835e-13 0.0985982)
(1.18633 0 0.135865)
(1.15689 0 0.101965)
(1.21765 -1.14847e-13 0.183025)
(1.206 1.69802e-14 0.14553)
(1.23577 7.16425e-14 0.285612)
(1.24306 6.00809e-14 0.252953)
(1.24966 -4.21628e-21 0.222757)
(1.15825 -2.22898e-14 0.756256)
(1.07698 -6.06164e-17 0.0110539)
(1.10363 0 0.0377571)
(1.12811 2.03262e-15 0.068416)
(0.290916 1.99452e-15 0.36014)
(0.279226 -1.49009e-13 0.30689)
(0.263619 0 0.247167)
(0.249939 -1.01318e-13 0.199974)
(0.241368 -8.55927e-14 0.153592)
(0.237582 0 0.105943)
(0.239589 -6.9646e-14 0.0684223)
(0.281427 -4.69116e-15 0.0152639)
(1.12005 -1.24626e-14 0.814065)
(1.07625 -4.1296e-14 0.878571)
(0.894694 -1.75008e-14 0.986894)
(0.785448 -3.29208e-14 0.998574)
(1.02231 3.16314e-14 0.948047)
(0.544286 4.6897e-14 0.872632)
(0.505722 -1.00162e-15 0.791489)
(0.672854 0 0.991088)
(0.455556 1.11439e-15 0.754688)
(0.355739 4.05952e-14 0.620201)
(0.385839 -1.91703e-14 0.663669)
(0.266773 -1.92713e-14 0.456817)
(0.280365 2.34758e-15 0.489233)
(0.300036 -1.99415e-14 0.558052)
(1.31836 0 0.457611)
(1.29188 0 0.541329)
(1.3133 -7.32327e-14 0.518324)
(1.25709 -3.20057e-14 0.589723)
(1.3095 0 0.420225)
(1.2449 1.75751e-14 0.640426)
(1.22581 -7.71665e-14 0.693185)
(1.199 -8.5369e-14 0.747991)
(1.28854 -6.7277e-14 0.369211)
(1.268 0 0.327669)
(1.19302 0 0.113918)
(1.17592 0 0.101967)
(1.23543 8.05449e-14 0.185872)
(1.22498 -7.39278e-15 0.153479)
(1.25407 -6.1878e-14 0.289066)
(1.26193 -2.6401e-14 0.254336)
(1.26555 0 0.225688)
(1.16427 1.20428e-14 0.805612)
(1.08824 2.42452e-16 0.0143444)
(1.11616 -7.65923e-18 0.0380953)
(1.14273 0 0.0714187)
(0.24794 -2.24257e-15 0.385703)
(0.235294 1.77625e-14 0.300568)
(0.22888 0 0.275279)
(0.219375 -1.30445e-13 0.21883)
(0.21487 8.18056e-14 0.173366)
(0.215408 9.50227e-14 0.120319)
(0.214141 0 0.0710707)
(0.257905 -8.69107e-14 0.0144169)
(1.1254 1.33182e-14 0.870899)
(1.07963 0 0.943426)
(0.812856 9.61924e-14 1.01932)
(0.955077 -4.52635e-15 1.01105)
(0.704312 -4.83527e-14 1.02518)
(1.0214 4.24183e-15 1.0245)
(0.542404 9.78945e-14 0.956514)
(0.517713 3.83614e-15 0.831253)
(0.58233 0 1.00399)
(0.40019 0 0.74593)
(0.306618 -4.39805e-14 0.631785)
(0.388223 0 0.700544)
(0.233693 0 0.421168)
(0.277677 2.64839e-14 0.51818)
(0.298173 -2.17386e-14 0.590053)
(1.34647 7.98025e-15 0.480672)
(1.3127 0 0.569848)
(1.33767 -8.04262e-15 0.515042)
(1.28272 0 0.590827)
(1.32631 -2.33247e-15 0.424955)
(1.27209 5.16688e-14 0.641703)
(1.25646 -1.89963e-14 0.693754)
(1.23418 8.27647e-14 0.749183)
(1.30705 0 0.371615)
(1.28595 2.04866e-18 0.326702)
(1.20697 0 0.117378)
(1.15815 1.11936e-13 0.0730686)
(1.25086 -3.01644e-14 0.186882)
(1.245 3.9523e-14 0.153801)
(1.26941 0 0.289864)
(1.27632 -7.48525e-14 0.254958)
(1.283 0 0.226345)
(1.20403 9.21983e-14 0.807444)
(1.10011 -1.2425e-13 0.0137969)
(1.13013 0 0.0414742)
(0.210797 5.45353e-15 0.352279)
(0.230631 1.34382e-15 0.315572)
(0.196724 3.84358e-14 0.245988)
(0.195442 9.69998e-14 0.194404)
(0.183825 -1.02195e-13 0.148269)
(0.189647 -8.21023e-14 0.100725)
(0.195893 -6.34986e-15 0.0680114)
(0.239241 1.07151e-13 0.0156896)
(1.16833 0 0.872327)
(1.12873 6.10854e-14 0.944457)
(0.846551 -5.05727e-15 1.06874)
(0.926627 -4.8067e-15 1.09568)
(0.715724 5.03178e-21 1.11268)
(1.08483 0 1.02418)
(0.473518 -9.93657e-14 0.954485)
(0.422345 2.13616e-15 0.87368)
(0.570129 2.02327e-14 1.12407)
(0.376095 7.13245e-14 0.823189)
(0.294941 4.09042e-14 0.678811)
(0.315649 7.38792e-14 0.720152)
(0.211357 0 0.431526)
(0.228213 -9.76365e-15 0.531242)
(0.241067 2.36166e-14 0.597423)
(1.37023 3.70577e-15 0.479754)
(1.33519 -6.01428e-14 0.569008)
(1.36907 -3.00187e-14 0.528755)
(1.30245 0 0.625615)
(1.34745 0 0.423795)
(1.33071 2.37542e-15 0.382554)
(1.28853 -6.48579e-14 0.680912)
(1.2715 0 0.737839)
(1.24648 -8.70138e-14 0.798919)
(1.32235 0 0.34523)
(1.30321 -1.95977e-18 0.328205)
(1.22639 -7.55273e-15 0.120016)
(1.20914 0 0.0814634)
(1.176 -1.13688e-13 0.0798026)
(1.27367 1.9551e-14 0.184631)
(1.26607 -1.57925e-14 0.159683)
(1.2841 5.15412e-15 0.292073)
(1.2935 0 0.258977)
(1.30177 0 0.232763)
(1.29383 0 0.19252)
(1.21403 -9.27752e-14 0.863401)
(1.11297 1.23961e-13 0.0172241)
(1.1451 0 0.0420476)
(0.193657 8.45693e-14 0.363971)
(0.183275 -1.49032e-15 0.340844)
(0.170483 -1.2829e-15 0.249332)
(0.165568 1.21401e-14 0.202506)
(0.162034 9.7655e-14 0.146741)
(0.164785 -1.20561e-14 0.125255)
(0.171636 9.72863e-14 0.0733981)
(0.217234 0 0.0140854)
(1.17726 0 0.934168)
(1.14012 -6.67583e-14 1.01716)
(0.797299 1.44466e-14 1.14993)
(1.01607 0 1.10804)
(0.646467 -2.83611e-14 1.16465)
(1.08744 0 1.11141)
(0.443474 0 0.912415)
(0.449003 4.97652e-14 1.05742)
(0.501319 0 1.11166)
(0.325966 -8.95035e-14 0.80172)
(0.245244 -8.86661e-14 0.661665)
(0.320541 -8.6584e-14 0.75537)
(0.207322 0 0.456064)
(0.182464 -7.60631e-14 0.390862)
(0.197541 0 0.486621)
(0.225756 7.36152e-15 0.55794)
(0.24302 7.91771e-15 0.622813)
(1.37976 -4.04247e-15 0.440744)
(1.39898 0 0.49637)
(1.3596 4.10595e-14 0.564806)
(1.34969 0 0.61641)
(1.39328 4.4369e-14 0.524599)
(1.3278 0 0.622144)
(1.37192 8.59924e-14 0.395784)
(1.35321 -7.78527e-14 0.382997)
(1.31745 9.45062e-15 0.676781)
(1.30493 7.93616e-14 0.733859)
(1.28559 0 0.794577)
(1.34332 -1.36595e-13 0.344399)
(1.31793 0 0.306245)
(1.24395 0 0.121054)
(1.22675 0 0.0846698)
(1.19193 0 0.0814182)
(1.17372 -3.07297e-14 0.0409473)
(1.2848 9.84752e-15 0.161407)
(1.3001 -4.94339e-15 0.291518)
(1.30979 0 0.268534)
(1.31947 -1.05778e-13 0.228586)
(1.31287 -9.24217e-14 0.203558)
(1.25812 9.23903e-14 0.860568)
(1.12671 -1.23512e-13 0.0160737)
(1.15694 0 0.0390296)
(0.152863 0 0.298728)
(0.154532 0 0.218519)
(0.160854 0 0.268236)
(0.143893 -1.01096e-13 0.168934)
(0.141681 0 0.105027)
(0.153852 -1.06878e-13 0.0714027)
(0.195538 -6.26765e-15 0.0181783)
(1.22922 0 0.933576)
(1.19177 1.79829e-14 1.01138)
(0.908366 -8.66315e-14 1.1908)
(0.995317 0 1.20977)
(0.725702 1.16331e-14 1.26858)
(1.1557 -9.39261e-15 1.09766)
(0.348492 0 0.985088)
(0.373805 -5.3698e-14 1.03873)
(0.448122 8.62267e-14 1.23448)
(0.294157 8.55403e-14 0.848186)
(0.214872 7.3458e-14 0.699366)
(0.246577 -2.48903e-14 0.761642)
(0.14681 2.31587e-14 0.454597)
(0.135127 3.71847e-14 0.393052)
(0.159966 -1.4212e-14 0.506903)
(0.169272 -7.30132e-15 0.559659)
(0.18156 2.30173e-14 0.623193)
(1.40338 -7.85756e-14 0.433849)
(1.41964 1.65793e-14 0.492345)
(1.39218 0 0.587586)
(1.37662 -7.08197e-14 0.609577)
(1.42074 -3.36406e-15 0.540961)
(1.34586 5.41498e-16 0.663225)
(1.39668 7.89244e-14 0.406912)
(1.36767 1.21209e-13 0.360376)
(1.33908 0 0.722134)
(1.32327 -8.35866e-14 0.785327)
(1.30096 -4.54364e-14 0.853465)
(1.35713 1.31291e-13 0.317302)
(1.33655 -1.21861e-13 0.305509)
(1.26366 -9.39078e-15 0.123215)
(1.24566 1.5677e-14 0.0910526)
(1.20783 0 0.0495022)
(1.19074 3.60042e-14 0.0390145)
(1.30229 -8.71302e-14 0.162547)
(1.32799 0 0.2686)
(1.33961 9.78045e-14 0.237747)
(1.33251 7.06361e-14 0.203703)
(1.27366 -4.80558e-14 0.929532)
(1.14152 1.2351e-13 0.0197583)
(1.15421 0 0.0217787)
(0.119373 0 0.33226)
(0.116356 0 0.223239)
(0.117881 5.69765e-14 0.265569)
(0.111896 0 0.176679)
(0.116547 -4.6039e-14 0.125314)
(0.125675 1.10288e-13 0.0824775)
(0.172023 1.1417e-13 0.0283057)
(1.24517 -1.91275e-14 0.994716)
(1.20787 1.02918e-14 1.07778)
(0.845084 7.60233e-14 1.30192)
(1.09925 -8.69325e-14 1.18898)
(0.611094 1.30982e-20 1.35778)
(1.16736 4.84335e-15 1.16871)
(0.301763 -3.05758e-15 0.928137)
(0.323753 0 1.11483)
(0.349516 -1.1281e-14 1.18008)
(0.496694 -9.7634e-14 1.31644)
(0.295961 -8.77082e-14 0.885047)
(0.245948 5.67766e-14 0.809331)
(0.214973 -5.06193e-14 0.723565)
(0.170985 -5.51893e-14 0.662971)
(0.132004 -2.5035e-14 0.419086)
(0.142911 1.27817e-14 0.482523)
(0.111337 -6.04528e-14 0.352026)
(0.152652 3.37434e-15 0.529711)
(0.162435 -2.79448e-14 0.586825)
(1.43348 7.89994e-14 0.449403)
(1.44702 2.40213e-14 0.493564)
(1.40918 -5.84821e-14 0.584649)
(1.40211 6.55e-14 0.645211)
(1.44041 3.01621e-14 0.538658)
(1.37372 -5.63174e-16 0.659227)
(1.41821 -6.29975e-14 0.406599)
(1.38625 8.13989e-15 0.360152)
(1.36327 0 0.717451)
(1.35641 -6.80847e-14 0.775247)
(1.34275 -2.36374e-14 0.841359)
(1.37761 1.42414e-14 0.315079)
(1.34798 0 0.277936)
(1.28204 -1.06036e-14 0.124302)
(1.24393 -1.22714e-13 0.04847)
(1.26273 6.78796e-14 0.0887774)
(1.22511 1.28731e-13 0.0457377)
(1.18581 -9.64352e-16 0.0239282)
(1.32803 1.08665e-13 0.166045)
(1.31768 0 0.128325)
(1.35813 -6.26769e-15 0.233517)
(1.35376 1.12961e-14 0.212177)
(1.3206 -1.00892e-13 0.922215)
(1.16998 0 0.0230743)
(0.0980139 0 0.313483)
(0.11237 1.47886e-14 0.237676)
(0.102037 0 0.197526)
(0.112368 -6.64362e-14 0.284861)
(0.0995204 5.33906e-14 0.143315)
(0.0961968 0 0.100157)
(0.12035 -1.25163e-13 0.0687605)
(0.146341 -1.19511e-13 0.0330656)
(1.28304 0 1.02229)
(1.25878 0 1.05774)
(1.00603 7.55853e-21 1.32167)
(1.10443 7.85434e-14 1.30326)
(0.894034 5.45517e-15 1.43861)
(1.23954 0 1.13834)
(0.242927 0 0.995316)
(0.25926 0 1.05993)
(0.0911277 1.13345e-14 1.32352)
(0.226903 8.84548e-14 1.45959)
(0.179363 5.9598e-15 0.901354)
(0.15793 0 0.801925)
(0.149234 2.8038e-14 0.760555)
(0.118693 -1.07892e-13 0.653725)
(0.0852911 1.09866e-13 0.412228)
(0.0893627 -1.0387e-13 0.469466)
(0.0792527 -1.62863e-14 0.364482)
(0.0992197 3.39962e-15 0.52275)
(0.110034 0 0.585171)
(1.45454 5.08827e-14 0.446277)
(1.46657 0 0.486079)
(1.45949 -2.42596e-14 0.535591)
(1.43625 1.0211e-13 0.589098)
(1.43107 -5.83752e-15 0.64851)
(1.45846 -3.55478e-14 0.580526)
(1.39227 2.42672e-14 0.704214)
(1.41196 0 0.364059)
(1.43733 0 0.400287)
(1.40058 1.68521e-14 0.326774)
(1.37999 -7.98986e-21 0.760191)
(1.37888 1.11735e-13 0.821871)
(1.36718 0 0.906647)
(1.39048 8.65001e-14 0.288578)
(1.36718 -9.88113e-14 0.276407)
(1.29962 5.9544e-16 0.119509)
(1.26046 -7.28551e-14 0.0461428)
(1.2808 -5.76802e-14 0.0921936)
(1.21931 0 0.0251131)
(1.2022 0 0.0249612)
(1.34774 -4.51202e-14 0.164232)
(1.34059 1.42436e-13 0.138649)
(1.37969 -1.36849e-14 0.245494)
(1.36822 -2.3778e-14 0.212728)
(1.34963 1.5085e-13 0.977407)
(0.0734671 0 0.324306)
(0.0718134 -1.52983e-14 0.257553)
(0.0673247 -7.27068e-15 0.193085)
(0.0719195 0 0.279423)
(0.0685407 0 0.149418)
(0.0714288 0 0.109714)
(0.0884038 0 0.0713327)
(0.114043 -1.25414e-13 0.0211023)
(1.30786 0 1.01341)
(1.28683 0 1.09591)
(1.03171 -5.23869e-15 1.4671)
(1.18665 -7.40173e-14 1.27228)
(0.7657 0 1.70738)
(1.26425 0 1.2065)
(0.197633 0 0.953565)
(0.0501663 -1.04067e-13 1.1252)
(0.0222028 0 1.21091)
(0.28051 -9.4279e-14 1.66747)
(0.149327 -6.12201e-15 0.852457)
(0.122499 0 0.728103)
(0.113569 -1.29144e-21 0.614252)
(0.118341 1.08819e-13 0.687332)
(0.0785704 7.58507e-15 0.383263)
(0.0822152 -1.14378e-13 0.437337)
(0.0943974 1.01972e-13 0.494146)
(0.0732576 1.27813e-14 0.345808)
(0.103365 0 0.550566)
(1.47781 -1.14211e-13 0.456562)
(1.46403 -2.01988e-14 0.419307)
(1.49862 0 0.507252)
(1.48631 0 0.524849)
(1.45522 -2.38938e-14 0.64406)
(1.44539 5.64022e-14 0.703384)
(1.47953 -2.15765e-14 0.574445)
(1.41789 -1.05359e-13 0.718083)
(1.42975 -8.69556e-14 0.357221)
(1.45105 9.61359e-14 0.373756)
(1.423 -1.66001e-14 0.337791)
(1.40909 -2.44797e-14 0.746156)
(1.41236 -2.29186e-14 0.808023)
(1.40907 8.78902e-14 0.889405)
(1.40838 3.6152e-15 0.282259)
(1.29911 -1.89662e-14 0.0978467)
(1.27837 1.04203e-13 0.0496306)
(1.25432 0 0.0264044)
(1.23743 0 0.0264486)
(1.36941 0 0.168289)
(1.36093 -1.2105e-13 0.135516)
(1.39872 -1.112e-13 0.253371)
(1.39163 -5.69743e-14 0.212375)
(1.38473 1.74925e-13 0.98573)
(0.0671328 0 0.304706)
(0.0600047 0 0.236674)
(0.0640593 7.43886e-15 0.165918)
(0.0627411 0 0.211242)
(0.0651853 0 0.127341)
(0.0726065 -9.49043e-16 0.0876439)
(0.0894341 1.26366e-13 0.0331633)
(1.34522 0 1.04584)
(1.32843 7.36303e-14 1.07265)
(1.07983 8.34405e-14 1.29802)
(1.19421 9.10758e-14 1.22398)
(0.815101 -1.07407e-13 1.09995)
(1.31425 -8.88029e-15 1.16704)
(0.0491053 0 0.990763)
(0.0299314 1.0694e-13 1.04956)
(0.0551931 0 0.828573)
(0.0552071 -8.89181e-14 0.787063)
(0.0217927 -9.69587e-14 0.633104)
(0.0293417 0 0.673559)
(0.0168524 -7.32387e-15 0.406264)
(0.0219496 0 0.43368)
(0.0223307 -1.17548e-13 0.511989)
(0.0179747 -1.11804e-13 0.362131)
(0.0182808 0 0.5685)
(1.49992 9.64035e-14 0.449209)
(1.48399 -5.55601e-15 0.409363)
(1.51878 0 0.497814)
(1.51838 2.18393e-14 0.554688)
(1.48431 7.33178e-16 0.627611)
(1.47898 -5.55871e-14 0.702641)
(1.49326 -8.39088e-14 0.56975)
(1.49626 2.13681e-14 0.623204)
(1.47032 4.75258e-15 0.378642)
(1.4431 0 0.334371)
(1.4368 2.13828e-14 0.777135)
(1.44233 0 0.856321)
(1.45948 -7.66899e-14 0.93411)
(1.43687 0 0.290076)
(1.31565 -3.55177e-14 0.100384)
(1.29834 -2.78125e-14 0.0477948)
(1.27254 0 0.0264247)
(1.39048 0 0.17321)
(1.33855 9.52125e-14 0.0972116)
(1.38305 -6.16743e-14 0.134351)
(1.41717 1.05845e-13 0.248909)
(1.40839 9.13191e-14 0.210013)
(1.4182 -1.08529e-13 0.966432)
(1.37482 -1.19302e-14 1.03246)
(0.0206062 0 0.295971)
(0.023248 0 0.275169)
(0.0149477 -1.13298e-13 0.19619)
(0.0181323 0 0.218188)
(0.0192829 0 0.158239)
(0.0350297 9.83284e-16 0.0888351)
(0.0518374 0 0.0167977)
(1.37797 -6.0934e-14 1.11081)
(0.432338 -1.27275e-13 0.420366)
(1.01911 -9.42409e-15 0.922427)
(0.30201 1.07421e-13 0.474698)
(1.15723 -5.774e-15 0.921436)
(0.0431146 0 0.929746)
(0.0643144 0 0.873172)
(0.0269001 1.13096e-13 0.747932)
(0.0109928 1.16158e-13 0.598046)
(0.0430266 0 0.709552)
(0.0124059 0 0.383815)
(0.0305857 0 0.458575)
(0.0214811 1.189e-13 0.483843)
(0.0149001 0 0.538411)
(0.0176555 1.2242e-13 0.338434)
(1.50927 0 0.41838)
(1.52655 -7.10919e-14 0.456862)
(1.54672 0 0.498099)
(1.54242 7.17596e-14 0.542125)
(1.52527 4.56662e-14 0.670284)
(1.49887 -3.73475e-14 0.690982)
(1.48678 2.34704e-14 0.761028)
(1.52335 0 0.610531)
(1.48595 0 0.374031)
(1.46672 0 0.332353)
(1.46492 3.66255e-14 0.768361)
(1.47804 0 0.844679)
(1.47979 -5.08459e-14 0.90776)
(1.45776 0 0.283442)
(1.31764 1.0977e-15 0.0496185)
(1.29399 0 0.0268717)
(1.41167 1.70205e-14 0.171406)
(1.35796 -9.63664e-14 0.0977856)
(1.40555 6.02789e-14 0.129355)
(1.44389 -2.02801e-14 0.257127)
(1.43451 -8.57859e-14 0.212357)
(1.44514 8.35018e-15 0.967902)
(1.40268 -3.04384e-14 0.994375)
(0.0254359 0 0.315787)
(0.0145786 0 0.259491)
(0.0123768 1.26571e-13 0.17766)
(0.0240211 0 0.237129)
(0.0205908 0 0.141295)
(0.0345902 0 0.0476097)
(0.0314888 0 0.108082)
(1.34678 -9.22996e-14 1.00433)
(0.409898 3.68286e-15 0.384096)
(0.375484 1.2851e-14 0.33341)
(1.01738 4.88351e-15 0.871656)
(0.351893 1.70555e-27 0.307433)
(1.0673 8.14316e-14 0.812519)
(1.53045 -5.61303e-14 0.404731)
(1.54728 -1.63623e-14 0.446378)
(1.56211 0 0.489848)
(1.55911 2.8719e-14 0.537333)
(1.57307 -1.21301e-13 0.583057)
(1.54997 -2.65689e-14 0.657095)
(1.54612 0 0.732751)
(1.52277 -4.79777e-15 0.749316)
(1.55344 5.06633e-14 0.599624)
(1.51215 -1.11974e-13 0.375376)
(1.48397 0 0.328915)
(1.50557 -3.99283e-14 0.82907)
(1.50957 0 0.888824)
(1.4579 1.20506e-13 0.892905)
(1.48347 -7.044e-15 0.288565)
(1.34195 3.22061e-15 0.0563546)
(1.31332 0 0.0297389)
(1.43242 -8.90208e-14 0.16843)
(1.37934 3.50516e-14 0.0951291)
(1.42276 -2.00705e-14 0.127522)
(1.46437 4.82173e-15 0.251419)
(1.45899 6.2615e-14 0.205056)
(1.43465 -1.09054e-13 0.917423)
(1.37183 1.44361e-13 0.977042)
(1.09476 -1.05577e-13 0.784024)
(0.144861 0 0.198023)
(0.12418 -1.04812e-13 0.29531)
(0.806678 1.03728e-14 0.652562)
(0.815486 0 0.625867)
(1.55709 6.53055e-14 0.414524)
(1.57365 2.10373e-14 0.454297)
(1.58555 -2.13961e-15 0.4996)
(1.58056 -3.79391e-14 0.522123)
(1.59895 -2.19029e-14 0.564972)
(1.59345 3.1759e-14 0.700053)
(1.57034 0 0.64217)
(1.57332 3.51693e-14 0.717131)
(1.56038 0 0.792405)
(1.52781 1.24386e-13 0.373037)
(1.50917 0 0.328995)
(1.5378 0 0.810313)
(1.52374 2.16963e-14 0.852145)
(1.43428 6.08559e-15 0.835333)
(1.50176 -9.08046e-14 0.289171)
(1.36245 0 0.0557746)
(1.33353 -1.25361e-13 0.0242165)
(1.44882 1.06449e-13 0.166859)
(1.3953 0 0.0937548)
(1.43723 4.28658e-14 0.127087)
(1.48612 8.17805e-14 0.24321)
(1.48016 -7.64255e-14 0.202458)
(1.32098 -3.41627e-15 0.839931)
(1.30103 0 0.865161)
(0.97049 0 0.680772)
(0.0324845 1.15062e-13 0.158393)
(0.119971 8.57867e-14 0.248169)
(0.0374121 -1.09305e-13 0.186487)
(0.608069 0 0.470915)
(1.57664 0 0.400688)
(1.5891 -2.42908e-14 0.45374)
(1.60026 1.97964e-15 0.486213)
(1.61495 5.43556e-14 0.546614)
(1.62072 -4.36915e-14 0.600467)
(1.61488 3.12968e-14 0.680891)
(1.59546 5.58302e-14 0.625525)
(1.60092 -1.03766e-13 0.747784)
(1.58205 8.97118e-14 0.767178)
(1.55117 0 0.369523)
(1.52757 -1.47169e-14 0.319733)
(1.54558 -3.20029e-16 0.829663)
(1.45422 -1.97629e-14 0.811095)
(1.2483 0 0.719628)
(1.523 7.83767e-14 0.279572)
(1.37727 8.56404e-14 0.0564484)
(1.35304 1.21442e-13 0.0276121)
(1.46836 8.00605e-14 0.160123)
(1.41181 1.19973e-14 0.0922983)
(1.43155 0 0.0949657)
(1.4557 -4.90751e-14 0.130732)
(1.50247 -1.20409e-13 0.240519)
(1.49632 8.42182e-14 0.202382)
(1.23372 3.39838e-15 0.743918)
(0.984445 0 0.649629)
(0.613806 0 0.45687)
(-0.00672409 -3.73394e-15 0.0971138)
(-0.0306992 0 0.214056)
(-0.0286782 1.10998e-13 0.135483)
(-0.0352179 0 0.174331)
(1.60093 0 0.400941)
(1.60614 -5.98546e-14 0.443301)
(1.62529 0 0.495339)
(1.63285 -9.9698e-14 0.533961)
(1.64189 -5.39219e-14 0.586389)
(1.63319 -9.97435e-14 0.699832)
(1.63234 0 0.661919)
(1.6175 6.72415e-14 0.721115)
(1.56313 -1.97506e-14 0.766171)
(1.56596 -7.28927e-15 0.366313)
(1.54876 0 0.318337)
(1.54544 3.28788e-16 0.790019)
(1.41561 -2.84077e-15 0.754973)
(1.16096 0 0.642971)
(1.54085 0 0.273397)
(1.39507 -7.22324e-14 0.0510481)
(1.37437 1.21876e-13 0.0254014)
(1.49172 -5.72293e-14 0.164635)
(1.41308 3.84879e-14 0.0585597)
(1.44742 0 0.0954535)
(1.47064 0 0.129556)
(1.5203 1.29801e-13 0.231263)
(1.51649 0 0.210641)
(0.861722 -5.68674e-14 0.531597)
(0.852564 8.03935e-14 0.557242)
(0.431419 0 0.340146)
(-0.00325298 0 0.108403)
(-0.0241903 -1.41792e-13 0.108748)
(-0.0230414 -1.01159e-13 0.135414)
(-0.0252248 1.42147e-13 0.109371)
(-0.100436 -9.12272e-14 0.18496)
(1.61754 0 0.391875)
(1.63106 7.07181e-14 0.441841)
(1.64033 0 0.480962)
(1.65625 9.35455e-14 0.536109)
(1.65494 -4.26709e-14 0.572638)
(1.66336 3.00775e-14 0.624018)
(1.64963 2.01416e-15 0.674698)
(1.65074 2.953e-14 0.639619)
(1.57447 8.62933e-14 0.705826)
(1.55923 -1.20737e-13 0.730037)
(1.59001 -7.49398e-14 0.35293)
(1.56567 0 0.313607)
(1.43031 0 0.730994)
(1.17195 3.07671e-15 0.621494)
(0.741072 0 0.42826)
(1.5474 -1.26617e-13 0.245791)
(1.56899 0 0.287252)
(1.39473 -1.21874e-13 0.0293702)
(1.50824 -3.67704e-14 0.163635)
(1.43258 -3.19436e-14 0.0526333)
(1.46029 0 0.0914132)
(1.44957 0 0.0571311)
(1.48804 -2.20938e-14 0.125117)
(1.53091 4.2394e-14 0.208612)
(0.73341 -3.84012e-15 0.449999)
(0.438374 -1.78889e-14 0.331362)
(-0.103885 7.40554e-14 0.121619)
(-0.010257 0 0.0954054)
(-0.0237527 1.89807e-14 0.0981851)
(-0.0516196 9.84076e-14 0.136596)
(-0.0344717 8.87338e-14 0.11099)
(-0.0636605 -7.93531e-14 0.136433)
(1.64879 0 0.397572)
(1.62244 7.77405e-14 0.360857)
(1.6486 -5.44653e-14 0.426405)
(1.66544 0 0.482137)
(1.67286 0 0.521844)
(1.68332 1.39875e-14 0.579027)
(1.68191 9.58888e-14 0.603595)
(1.66339 -2.66262e-14 0.65167)
(1.58738 5.49003e-14 0.651404)
(1.57458 -8.72565e-14 0.676321)
(1.40756 5.11582e-14 0.660718)
(1.5924 -4.39944e-14 0.323491)
(1.39516 0 0.684406)
(1.08771 -3.09148e-15 0.55629)
(0.630793 0 0.363562)
(1.56365 1.21513e-13 0.244777)
(1.58761 0 0.27622)
(1.41439 1.20933e-13 0.0261598)
(1.51024 1.89962e-14 0.133689)
(1.52909 0 0.167977)
(1.47679 0 0.0903212)
(1.46819 6.19469e-14 0.0501752)
(1.49537 3.38145e-14 0.0946395)
(1.54767 -7.1854e-14 0.202872)
(0.296524 -6.71113e-14 0.232467)
(0.292369 9.01235e-14 0.241375)
(-0.118332 -7.33428e-14 0.150139)
(-0.00966465 -1.19208e-14 0.0884262)
(-0.026667 5.17994e-14 0.0931043)
(-0.04765 -1.06256e-13 0.118459)
(-0.0389415 -6.21849e-14 0.100232)
(-0.0746136 -1.09593e-14 0.122289)
(1.66611 -1.24338e-14 0.386797)
(1.63934 1.04799e-13 0.350897)
(1.6805 6.41004e-14 0.431227)
(1.68042 0 0.468425)
(1.70136 0 0.527122)
(1.69792 9.42841e-15 0.559729)
(1.69125 -2.31527e-20 0.605917)
(1.67851 -6.64689e-14 0.630825)
(1.5996 5.48369e-14 0.626047)
(1.39265 0 0.600607)
(1.38167 -1.03471e-14 0.623568)
(1.61112 1.22782e-13 0.316386)
(1.09686 0 0.535825)
(0.636027 0 0.344495)
(0.182832 0 0.157167)
(1.58015 -6.6685e-14 0.239544)
(1.60853 0 0.278324)
(1.43431 -1.28735e-13 0.0292029)
(1.52804 -7.53799e-14 0.130361)
(1.54878 0 0.164218)
(1.4857 -7.64445e-14 0.0544025)
(1.45486 7.58571e-15 0.0283461)
(1.51368 -8.77811e-14 0.0931839)
(1.56575 1.03331e-14 0.197494)
(0.181839 -1.70658e-14 0.163806)
(-0.111937 5.74535e-14 0.0751157)
(-0.0868252 9.85015e-15 0.116075)
(-0.0111216 -1.58141e-15 0.0821419)
(-0.030523 9.96745e-14 0.0867276)
(-0.0571863 0 0.105681)
(-0.0432342 -6.357e-14 0.0924616)
(-0.0688273 -1.82979e-14 0.105666)
(1.66603 -9.69062e-14 0.353461)
(1.70035 2.53043e-14 0.386685)
(1.63819 -8.94867e-14 0.320327)
(1.69875 -7.87388e-14 0.431113)
(1.71033 2.12692e-14 0.47179)
(1.71705 -7.0496e-14 0.513421)
(1.71913 0 0.561692)
(1.70196 0 0.591183)
(1.6144 -6.81877e-14 0.60346)
(1.40095 3.70905e-14 0.55602)
(1.38268 0 0.58113)
(1.03975 9.69548e-14 0.469262)
(1.0338 -1.1547e-13 0.488706)
(0.546788 0 0.294318)
(0.0966927 0 0.105976)
(1.59612 9.689e-14 0.232678)
(1.6249 0 0.270975)
(1.53435 7.12824e-14 0.0962407)
(1.5491 7.35462e-14 0.133651)
(1.57218 -7.8627e-15 0.166397)
(1.50535 0 0.054967)
(1.47394 0 0.0312269)
(1.52423 2.17537e-15 0.056347)
(1.59204 0 0.205377)
(-0.102628 5.48134e-22 0.0446844)
(-0.116991 0 0.105386)
(-0.0898573 -9.28066e-15 0.101899)
(-0.0231938 -1.07487e-13 0.0777462)
(-0.00590448 0 0.0726041)
(-0.0397077 0 0.0786152)
(-0.0562242 5.53616e-14 0.0950252)
(-0.0461336 1.27825e-16 0.0838455)
(-0.0723748 1.60727e-14 0.0916179)
(1.68239 1.22547e-14 0.343455)
(1.71267 5.74499e-14 0.420151)
(1.71437 0 0.37711)
(1.6561 1.89482e-14 0.308886)
(1.72267 7.78877e-15 0.454191)
(1.73249 5.92507e-14 0.49892)
(1.71082 -1.01687e-14 0.547829)
(1.64966 -3.21358e-14 0.563399)
(1.62583 3.18188e-14 0.578095)
(1.4104 0 0.530368)
(1.02019 0 0.41763)
(1.00455 -1.08793e-14 0.436093)
(0.551843 1.28198e-14 0.277122)
(0.102072 0 0.100166)
(-0.0780702 0 0.0236999)
(1.6228 -9.26164e-14 0.242679)
(1.65568 -3.55645e-14 0.278178)
(1.55076 7.47555e-14 0.0903134)
(1.56764 0 0.129658)
(1.59113 8.66926e-15 0.163125)
(1.51925 0 0.0197536)
(1.49942 0 0.021991)
(1.54145 2.38372e-15 0.0611474)
(1.60834 6.88536e-14 0.199236)
(-0.104596 3.38035e-14 0.0701281)
(-0.0928997 1.80448e-14 0.089683)
(-0.0816251 0 0.0914732)
(-0.0260278 -1.00256e-13 0.0706068)
(-0.00932492 0 0.0619901)
(-0.0420656 0 0.0717008)
(-0.06151 0 0.084783)
(-0.0530649 0 0.0777602)
(-0.0732793 -1.278e-13 0.082313)
(1.68569 1.37496e-15 0.311951)
(1.71236 0 0.347748)
(1.73703 2.10168e-14 0.417542)
(1.73847 -9.47112e-15 0.377527)
(1.74415 -1.587e-14 0.453122)
(1.74342 0 0.485063)
(1.72575 -7.46573e-15 0.527165)
(1.66045 1.37471e-14 0.54494)
(1.45374 0 0.506507)
(0.950598 5.71933e-14 0.349982)
(0.943099 -6.39659e-14 0.36711)
(0.500123 -2.3607e-14 0.21472)
(0.489322 1.28688e-14 0.236952)
(0.0419689 5.61602e-14 0.0689806)
(-0.0827771 6.11559e-14 0.0529862)
(1.64003 -8.15228e-14 0.236277)
(1.67397 1.87288e-14 0.269883)
(1.56986 -6.81292e-14 0.092736)
(1.58939 -8.5075e-15 0.13068)
(1.61054 9.52385e-15 0.163569)
(1.53556 0 0.0181033)
(1.56008 0 0.0567452)
(1.62953 -7.65603e-14 0.200584)
(-0.0866851 8.59927e-23 0.0680719)
(-0.0918359 -1.75751e-14 0.0796713)
(-0.0843012 1.69813e-14 0.0794936)
(-0.0225274 1.46304e-13 0.0637947)
(-0.0365628 -1.47339e-14 0.0652861)
(-0.0103436 -7.7298e-15 0.0544083)
(-0.0498488 0 0.0652785)
(-0.0651122 1.38949e-13 0.077524)
(-0.0564304 0 0.0717052)
(-0.0788131 0 0.0715292)
(1.69766 6.11623e-14 0.305916)
(1.72674 -4.75691e-14 0.335355)
(1.75437 7.91356e-14 0.442221)
(1.7462 2.04649e-14 0.409031)
(1.74914 -8.83748e-15 0.366939)
(1.74447 -8.2439e-15 0.466961)
(1.70372 0 0.499839)
(1.53788 4.68849e-14 0.484748)
(1.45962 -5.94279e-14 0.480792)
(0.951293 0 0.338954)
(0.458547 0 0.189575)
(0.453696 2.25736e-14 0.191559)
(0.0587341 -8.17234e-14 0.0563642)
(-0.0425381 -5.67235e-14 0.0172562)
(-0.0759226 0 0.0536864)
(1.66915 6.45996e-14 0.241941)
(1.69773 4.82509e-14 0.27624)
(1.59022 -1.15425e-13 0.0867079)
(1.60837 1.25003e-13 0.126303)
(1.62811 0 0.159576)
(1.55367 -2.38694e-16 0.0232507)
(1.58113 1.11425e-13 0.0596827)
(1.64567 0 0.194677)
(-0.0857267 -1.62797e-14 0.0629474)
(-0.0862977 0 0.0750842)
(-0.0839519 -8.31741e-15 0.0720563)
(-0.0281516 1.31129e-13 0.0572089)
(-0.0400531 -1.20795e-13 0.0567894)
(-0.0107932 1.37178e-13 0.0473614)
(-0.0550069 0 0.0582589)
(-0.0699888 0 0.0681929)
(-0.0628544 0 0.0637484)
(-0.0812421 0 0.0629679)
(1.7238 -1.22203e-20 0.315016)
(1.75431 0 0.345112)
(1.76416 -7.53453e-14 0.43363)
(1.76221 -4.5445e-14 0.400638)
(1.77172 0 0.383694)
(1.7123 9.62736e-15 0.478148)
(1.75535 0 0.453746)
(1.56912 0 0.455861)
(1.54807 0 0.46708)
(1.0747 0 0.343521)
(0.472329 -7.84617e-15 0.181988)
(0.34202 -3.01905e-15 0.157825)
(0.0343887 0 0.0614031)
(0.0155297 2.71011e-14 0.0601306)
(-0.0565904 2.80903e-14 0.0500212)
(-0.078592 -1.46684e-13 0.0528921)
(1.68653 1.46959e-14 0.23433)
(1.71055 -4.55206e-14 0.270941)
(1.61106 1.1297e-13 0.0894174)
(1.62972 -1.32531e-13 0.126998)
(1.64806 2.25803e-15 0.161455)
(1.57232 2.41137e-16 0.020166)
(1.5996 -1.31961e-13 0.056228)
(1.67312 -1.69493e-14 0.197583)
(-0.0859283 0 0.060982)
(-0.0882761 1.62984e-14 0.0660865)
(-0.0876056 -8.2163e-15 0.0632744)
(-0.0242506 -1.31884e-13 0.0473929)
(-0.0422287 8.93769e-14 0.0544396)
(-0.00606127 -1.30345e-13 0.0383923)
(-0.0601094 8.47171e-14 0.0528796)
(-0.0486066 0 0.0545709)
(-0.0745043 0 0.0605886)
(-0.0675642 -1.06591e-13 0.0557271)
(-0.0853326 0 0.0562467)
(1.73815 0 0.306)
(1.76683 0 0.332936)
(1.77361 -7.18578e-14 0.422185)
(1.78235 0 0.374597)
(1.63591 -4.79447e-14 0.425365)
(1.73548 -3.40526e-14 0.427889)
(1.45846 5.90976e-14 0.396128)
(1.2074 0 0.34277)
(1.07329 5.46965e-14 0.342756)
(0.326138 0 0.157058)
(0.457207 -2.67589e-14 0.162337)
(-0.00328197 -2.75685e-14 0.0784254)
(0.0074907 4.33495e-14 0.0822073)
(-0.0255112 0 0.038873)
(-0.0643727 8.26543e-14 0.0464346)
(-0.0844 -8.55003e-14 0.0515231)
(1.7077 -1.53735e-14 0.228953)
(1.72442 -7.1986e-14 0.263921)
(1.63023 0 0.0889009)
(1.64689 1.34346e-13 0.123425)
(1.66498 -6.42349e-15 0.156978)
(1.59154 -1.91402e-15 0.0251232)
(1.61877 1.28808e-13 0.0466764)
(1.69082 -6.75694e-14 0.191529)
(-0.0884714 1.39864e-13 0.0552201)
(-0.0893993 1.10276e-23 0.0605464)
(-0.0900192 0 0.0558503)
(-0.0284872 -1.31297e-13 0.04187)
(-0.040732 1.10508e-13 0.0460533)
(-0.00741019 -1.30346e-13 0.029091)
(-0.0638459 0 0.0437049)
(-0.0543843 4.3077e-14 0.0470325)
(-0.0777807 7.72119e-14 0.0518468)
(-0.0717819 -6.91625e-14 0.0509158)
(-0.0884313 8.42104e-15 0.047891)
(1.75355 0 0.299016)
(1.77595 0 0.327135)
(1.79595 0 0.356083)
(1.77611 3.59199e-14 0.409334)
(1.7882 -2.97408e-14 0.39416)
(1.64213 1.1236e-13 0.406972)
(1.46088 -7.96855e-14 0.381402)
(1.74504 3.07392e-14 0.412442)
(1.21403 5.61906e-14 0.331325)
(0.56902 -5.8193e-14 0.183892)
(-0.00333524 0 0.0582514)
(0.062126 3.1715e-14 0.0485387)
(-0.0664303 -1.49043e-14 0.0452661)
(-0.0284647 1.82427e-14 0.054131)
(-0.0363706 0 0.0533919)
(-0.0742017 1.07685e-13 0.0491036)
(-0.0889811 -9.38023e-14 0.0474042)
(1.72321 8.68267e-15 0.221964)
(1.74237 1.09705e-13 0.259481)
(1.64944 0 0.0893382)
(1.63818 -1.15369e-13 0.0516091)
(1.66576 -1.28142e-13 0.124031)
(1.68705 0 0.158555)
(1.60928 1.88176e-15 0.0256889)
(1.7142 7.92103e-14 0.190778)
(-0.0929944 1.18336e-13 0.0503048)
(-0.0927129 -1.31326e-13 0.0533779)
(-0.0936561 1.28639e-13 0.0492327)
(-0.0202261 1.22668e-13 0.0302768)
(-0.0436027 -1.20698e-13 0.0417175)
(-0.00902488 1.17537e-13 0.022753)
(-0.0571439 0 0.0446077)
(-0.0672199 3.91198e-14 0.0408938)
(-0.081799 0 0.0475195)
(-0.0742128 -4.62067e-14 0.0417649)
(-0.0919403 -8.05338e-15 0.0425725)
(1.76321 0 0.291038)
(1.79127 0 0.31294)
(1.79842 0 0.34556)
(1.76805 4.81683e-14 0.369708)
(1.54801 -1.15316e-13 0.368867)
(1.29227 6.96217e-14 0.322033)
(1.68907 0 0.376842)
(1.02748 -5.80901e-14 0.270331)
(0.482304 0 0.173476)
(-0.00614445 0 0.0527162)
(0.0310596 1.13275e-13 0.10688)
(-0.0320792 -1.23038e-14 0.0528478)
(-0.0482243 0 0.0583861)
(-0.0524421 -7.38568e-14 0.0474654)
(-0.0835116 5.03711e-14 0.0451753)
(-0.0985353 -5.7516e-15 0.0418068)
(1.74663 -1.67509e-14 0.220896)
(1.75665 4.92623e-14 0.251468)
(1.66739 1.24838e-13 0.0870833)
(1.65534 1.20413e-13 0.0520457)
(1.68225 -1.01837e-15 0.121554)
(1.70393 0 0.154321)
(1.62707 0 0.0287088)
(1.72946 0 0.185764)
(-0.0966767 -1.35463e-14 0.0445287)
(-0.0963844 -1.28963e-13 0.0462955)
(-0.0968347 0 0.0406867)
(-0.0255777 -1.38746e-14 0.0260422)
(-0.0435694 1.57769e-13 0.037313)
(-0.0103256 -7.85159e-15 0.017337)
(-0.0500384 -9.12116e-14 0.0346746)
(-0.065923 -9.16571e-14 0.0348771)
(-0.0842167 0 0.0391751)
(-0.0774988 0 0.0392777)
(-0.0934817 0 0.0334775)
(1.78188 0 0.290928)
(1.80784 2.70989e-14 0.312665)
(1.77356 -4.70164e-14 0.358256)
(1.80629 -1.01455e-13 0.336734)
(1.69464 4.92048e-14 0.3644)
(1.29551 3.0405e-21 0.310635)
(1.55235 1.50641e-14 0.351676)
(1.0292 -5.79837e-14 0.254579)
(0.491737 0 0.164833)
(-0.0449074 0 0.0650969)
(-0.025016 -1.15657e-13 0.0945091)
(-0.0507921 0 0.0523419)
(-0.0612118 8.08994e-15 0.0511704)
(-0.0911381 -9.89234e-15 0.0406638)
(-0.101868 0 0.0356513)
(1.76172 -5.08142e-14 0.214352)
(1.78079 -6.1826e-14 0.252581)
(1.67271 -1.20893e-13 0.0524111)
(1.68526 -1.26557e-13 0.0870251)
(1.66843 0 0.0184227)
(1.70059 0 0.121149)
(1.72229 0 0.152931)
(1.65035 0 0.020275)
(1.75027 0 0.184982)
(-0.102578 0 0.0361345)
(-0.0994615 0 0.0400332)
(-0.0996782 7.75532e-14 0.0346893)
(-0.0166679 1.55777e-14 0.0162882)
(-0.0306561 -1.09752e-13 0.0242145)
(-0.00481199 0 0.0112155)
(-0.0536055 -4.31441e-14 0.033239)
(-0.0705063 -2.37517e-14 0.0319744)
(-0.0578867 1.01075e-13 0.0302469)
(-0.0873506 0 0.0360517)
(-0.075642 0 0.0318273)
(-0.0965814 5.36306e-14 0.0308596)
(1.79227 0 0.284139)
(1.81584 -5.00285e-14 0.301954)
(1.75117 7.98586e-14 0.343997)
(1.80226 1.02184e-13 0.32433)
(1.64207 -6.06109e-14 0.33253)
(1.05991 0 0.242108)
(1.37284 0 0.288911)
(0.663575 -4.32317e-14 0.187858)
(0.368883 7.81945e-14 0.173946)
(-0.0529585 -5.9115e-14 0.0449656)
(-0.0560482 0 0.0809459)
(-0.0606121 3.35179e-14 0.048919)
(-0.0793604 -1.77246e-14 0.0444829)
(-0.069065 2.31543e-14 0.0466239)
(-0.0989445 3.88904e-14 0.0371496)
(-0.104996 -2.64537e-14 0.0332002)
(-0.10801 0 0.0278419)
(1.784 6.57807e-14 0.215958)
(1.7938 -3.87079e-15 0.245744)
(1.68818 0 0.0553815)
(1.70113 -6.11439e-17 0.080079)
(1.68268 1.20211e-13 0.0138896)
(1.71721 0 0.118027)
(1.73748 2.04681e-15 0.149252)
(1.76543 4.02725e-15 0.180039)
(-0.106417 0 0.0302078)
(-0.103252 -9.29335e-14 0.0312962)
(-0.100895 -8.76633e-14 0.0271101)
(-0.0209492 1.1596e-13 0.0125733)
(-0.0343798 -1.60425e-14 0.0197378)
(-0.00461942 -1.31133e-13 0.00235586)
(-0.0402403 1.14074e-13 0.0211688)
(-0.065357 1.28416e-13 0.0220905)
(-0.0602351 1.18365e-13 0.022696)
(-0.084867 3.31416e-14 0.0305443)
(-0.0789382 -6.74845e-14 0.0290925)
(-0.0941696 7.66427e-15 0.025672)
(1.81 3.75791e-14 0.284166)
(1.82229 0 0.297549)
(1.75898 -2.53458e-14 0.331973)
(1.64149 0 0.322263)
(1.80879 0 0.317204)
(1.31861 -5.77404e-14 0.275173)
(1.05469 -4.09562e-14 0.238689)
(0.653943 7.02998e-14 0.181859)
(1.3256 6.64759e-14 0.285683)
(-0.0308354 2.40459e-14 0.136353)
(-0.0841857 3.23165e-14 0.0343924)
(-0.0942032 0 0.0823991)
(-0.0819061 0 0.0661306)
(-0.0902352 2.41496e-15 0.0363377)
(-0.104323 7.09818e-14 0.0311852)
(-0.110259 0 0.0265803)
(-0.111924 6.16706e-14 0.0237701)
(1.79732 0 0.210166)
(1.81335 7.48618e-15 0.245044)
(1.70443 0 0.0583551)
(1.71836 -1.90268e-15 0.0811569)
(1.69984 -1.20872e-13 0.00953752)
(1.73533 -2.22343e-15 0.116519)
(1.75658 3.74728e-15 0.148613)
(1.78577 4.14807e-15 0.179844)
(-0.109585 9.67911e-14 0.0219646)
(-0.106633 -7.69785e-14 0.026121)
(-0.103186 9.9831e-15 0.0241676)
(-0.0276052 -7.88957e-15 0.0123696)
(-0.014097 -1.25797e-13 0.00457522)
(-0.00705465 1.29008e-13 -0.000819696)
(-0.0452752 4.87221e-14 0.0174103)
(-0.0692211 -1.33114e-13 0.0219148)
(-0.0506316 -1.07511e-13 0.0180511)
(-0.0883757 3.61609e-14 0.0260804)
(-0.0794921 -4.1706e-15 0.0217361)
(-0.0970886 4.87884e-16 0.0207455)
(1.82056 -5.98126e-14 0.276624)
(1.82718 7.79508e-15 0.292543)
(1.72719 -3.06869e-14 0.313457)
(1.56077 -1.46372e-14 0.296878)
(1.80328 0 0.304934)
(1.31142 -1.22534e-13 0.266197)
(0.931437 5.39243e-14 0.21151)
(0.424016 -5.79427e-14 0.151298)
(0.937351 8.79073e-14 0.204708)
(-0.0766065 0 0.0926077)
(-0.0991378 -3.41293e-14 0.0315573)
(-0.103807 -1.27135e-13 0.0362173)
(-0.102814 0 0.0578157)
(-0.110507 -1.28958e-13 0.0269089)
(-0.114082 5.50635e-14 0.0225547)
(-0.116762 -1.20464e-14 0.0174253)
(1.81647 3.92883e-15 0.211384)
(1.82498 -7.90732e-15 0.23961)
(1.72469 0 0.0497427)
(1.73464 -1.2041e-13 0.0821086)
(1.71852 2.34882e-16 0.0151604)
(1.75098 2.39761e-16 0.113603)
(1.77192 1.11577e-13 0.145614)
(1.79947 -4.07065e-15 0.175674)
(-0.113672 -1.93107e-23 0.0165331)
(-0.108059 0 0.0200883)
(-0.101287 2.71938e-14 0.017789)
(-0.0344714 1.15891e-13 0.00691287)
(-0.0199981 7.75227e-15 -0.000186129)
(-0.0084686 1.95898e-15 -0.00615209)
(-0.0373096 -6.19513e-14 0.00926969)
(-0.0585222 1.02172e-13 0.0136681)
(-0.0723985 -1.82512e-14 0.0201491)
(-0.0478765 1.08653e-13 0.00950534)
(-0.0879113 0 0.0177008)
(-0.083231 8.20134e-15 0.0189262)
(-0.0917787 -4.21144e-16 0.0139855)
(1.83259 7.1998e-14 0.267498)
(1.83626 -4.716e-14 0.284051)
(1.81002 -8.08518e-15 0.295515)
(1.5721 5.7683e-14 0.287421)
(1.73286 2.59035e-14 0.302182)
(1.14915 1.08925e-13 0.211176)
(0.425993 -2.38815e-14 0.133975)
(0.798855 -7.99884e-14 0.168746)
(-0.118253 0 0.0949366)
(-0.115956 -3.09325e-14 0.0256042)
(-0.118625 5.29605e-14 0.0347005)
(-0.132025 0 0.0404113)
(-0.119439 0 0.071959)
(-0.116689 6.56318e-14 0.0227125)
(-0.120642 -2.85368e-14 0.0160643)
(-0.120073 1.37639e-14 0.0123824)
(1.82879 -3.77557e-15 0.206356)
(1.83918 0 0.237006)
(1.74216 4.65481e-16 0.0499693)
(1.75069 1.20572e-13 0.0824119)
(1.73448 0 0.0211929)
(1.7687 5.60477e-15 0.113679)
(1.78987 -1.26146e-13 0.144972)
(1.81798 0 0.176205)
(-0.11713 -4.11896e-14 0.00909761)
(-0.109913 0 0.0146328)
(-0.104522 -3.13341e-14 0.0134445)
(-0.0284861 -1.21395e-13 0.00344653)
(-0.0159126 0 -0.00741776)
(-0.00674425 0 -0.0111383)
(-0.0429835 0 0.00663074)
(-0.0608653 -7.92593e-14 0.00882395)
(-0.0519725 -1.06506e-13 0.0106689)
(-0.0706808 1.99083e-14 0.0121213)
(-0.0757368 -8.56104e-15 0.0102363)
(-0.0953159 -1.7766e-16 0.0123836)
(1.84111 8.15354e-14 0.26148)
(1.84176 7.71874e-14 0.274031)
(1.79493 0 0.283296)
(1.48567 -4.49406e-14 0.255299)
(1.6961 0 0.282636)
(0.79849 0 0.152551)
(1.06622 2.18867e-14 0.199503)
(0.386422 -2.57455e-14 0.132797)
(0.387283 3.03144e-14 0.128701)
(-0.129595 0 0.0598856)
(-0.124372 6.36694e-14 0.0215511)
(-0.128412 8.03842e-16 0.0310605)
(-0.146575 7.12216e-23 0.0382968)
(-0.142255 6.14615e-14 0.0589418)
(-0.128985 8.3054e-15 0.0120094)
(-0.124822 1.90343e-14 0.0126416)
(-0.126076 0 0.00475289)
(1.84395 0 0.204905)
(1.85055 0 0.23187)
(1.7563 2.34006e-16 0.0433562)
(1.76664 4.72787e-16 0.0813508)
(1.74753 1.19842e-13 0.0223115)
(1.78392 1.2177e-13 0.111514)
(1.80407 -1.9594e-15 0.142453)
(1.83105 -3.81204e-15 0.172776)
(-0.121575 0 0.00248037)
(-0.111681 0 0.0101768)
(-0.105038 0 0.00728513)
(-0.0240268 0 -0.00791791)
(-0.0183976 0 -0.0112008)
(-0.00499374 -1.30867e-13 -0.0202647)
(-0.0354671 0 0.000188021)
(-0.0631248 0 0.00972623)
(-0.0562161 1.22724e-13 0.00561396)
(-0.0511657 -4.89926e-14 0.0025514)
(-0.0781491 0 0.00919918)
(-0.0876604 -5.43754e-15 0.00690412)
(-0.0995277 0 0.00838782)
(1.8506 -1.08239e-13 0.254859)
(1.80376 9.95989e-15 0.272413)
(1.84733 -7.92922e-14 0.269763)
(1.69987 0 0.272941)
(1.06624 -3.31537e-14 0.193368)
(1.48154 0 0.250021)
(0.587214 1.79084e-14 0.126687)
(0.584194 4.02708e-14 0.129789)
(0.000471823 -1.43279e-14 0.0126378)
(0.192159 3.15881e-14 0.0923563)
(-0.143608 0 0.0720603)
(-0.137094 -5.90833e-14 0.0152586)
(-0.14892 -6.78547e-15 0.0185119)
(-0.161198 -1.05213e-13 0.0338)
(-0.157004 0 0.0533168)
(-0.135221 5.87855e-14 0.00814739)
(-0.12959 -7.49517e-14 0.000854092)
(1.8555 7.88207e-15 0.200782)
(1.86266 0 0.229667)
(1.77245 -4.68377e-16 0.0456098)
(1.78372 -9.43257e-16 0.080512)
(1.76371 -1.19607e-13 0.0251863)
(1.80056 -1.2144e-13 0.111645)
(1.82106 3.89981e-15 0.14247)
(1.84734 -5.6921e-15 0.172685)
(-0.1241 0 -0.00597597)
(-0.11411 -4.26617e-14 0.000181047)
(-0.107685 5.00502e-14 0.00147632)
(-0.0292904 1.48275e-14 -0.00639137)
(-0.0151496 0 -0.015342)
(-0.00585969 1.28548e-13 -0.0233289)
(-0.040738 0 -0.00383414)
(-0.0624225 3.12639e-14 0.00364219)
(-0.0439824 -1.78491e-22 -0.00122122)
(-0.0457522 0 -4.28009e-05)
(-0.0802502 0 0.00636581)
(-0.0679536 -3.20344e-14 0.00381792)
(-0.0906748 -1.35216e-13 0.000563905)
(-0.0968327 1.11274e-13 -0.00108963)
(1.85955 0 0.249412)
(1.7817 -5.415e-15 0.261036)
(1.85654 2.72472e-14 0.262174)
(1.65119 0 0.262672)
(0.978442 1.41237e-13 0.183869)
(1.43439 7.11965e-15 0.231696)
(0.153542 9.12868e-14 0.10641)
(0.432218 -5.92727e-14 0.105215)
(-0.0814147 -1.52407e-14 0.066629)
(-0.161018 0 0.0575737)
(-0.144064 -2.73679e-14 0.0125706)
(-0.158962 5.91955e-14 0.0171203)
(-0.173615 -5.27796e-14 0.0323472)
(-0.174827 -2.7286e-14 0.0482541)
(-0.145722 0 -0.000786053)
(-0.134996 9.66002e-14 -0.00175435)
(1.86934 0 0.199531)
(1.87338 0 0.224948)
(1.78862 1.19626e-13 0.0463707)
(1.79903 0 0.0801876)
(1.78438 0 0.0178523)
(1.81531 1.1961e-13 0.109853)
(1.83488 1.21753e-13 0.140593)
(1.85999 -1.83088e-15 0.169999)
(-0.118045 -3.87238e-14 -0.00440823)
(-0.127622 -6.62802e-14 -0.0108113)
(-0.105967 5.538e-15 -0.0071059)
(-0.0299201 -1.21958e-13 -0.0143141)
(-0.0168447 1.05662e-13 -0.0215834)
(-0.00626898 1.95044e-15 -0.0282328)
(-0.036181 0 -0.0115552)
(-0.0526486 0 -0.000572868)
(-0.0488177 3.96143e-14 -0.00173524)
(-0.0381962 5.60165e-14 -0.00451482)
(-0.0344373 -3.76059e-14 -0.00838406)
(-0.0761971 0 -0.00380231)
(-0.0640449 0 -0.00255603)
(-0.0855849 -7.02187e-14 -0.00787572)
(-0.100173 -4.9022e-14 -0.00487922)
(1.86701 0 0.250879)
(1.78452 1.03604e-13 0.25928)
(1.66051 5.55241e-15 0.252285)
(1.805 -6.95907e-14 0.253348)
(1.4405 0 0.2255)
(0.441574 0 0.105374)
(0.976828 -1.38369e-13 0.171606)
(-0.0226689 -8.06388e-14 0.0878974)
(-0.0369295 0 0.0887677)
(-0.116216 0 0.0719782)
(-0.182475 2.33409e-14 0.0580979)
(-0.157843 2.84018e-14 0.0011459)
(-0.172076 0 0.01204)
(-0.189926 4.86681e-14 0.0243444)
(-0.187114 2.51757e-14 0.0447114)
(-0.151262 0 -0.0027042)
(-0.141431 0 -0.00342616)
(-0.133615 6.15801e-14 -0.0118914)
(1.88086 9.77059e-16 0.196179)
(1.88447 0 0.222892)
(1.80435 -1.19401e-13 0.0478893)
(1.80098 0 0.016591)
(1.81464 -5.84058e-17 0.0798803)
(1.83141 -1.20332e-13 0.11021)
(1.85104 -1.209e-13 0.140486)
(1.8744 -9.41576e-16 0.169)
(-0.115391 3.95598e-14 -0.0144466)
(-0.124874 0 -0.0214851)
(-0.108933 -5.17965e-15 -0.0113319)
(-0.0258562 1.07873e-13 -0.0181453)
(-0.0147253 -1.30201e-13 -0.0274803)
(-0.00640736 0 -0.0329666)
(-0.0311521 -9.17505e-14 -0.0131096)
(-0.0503838 0 -0.00682023)
(-0.0426458 -4.83531e-14 -0.00928062)
(-0.0363433 -1.00908e-13 -0.0115764)
(-0.0684103 0 -0.00339301)
(-0.0802088 1.0132e-13 -0.00597257)
(-0.056261 0 -0.00423395)
(-0.088822 -6.83675e-15 -0.0110742)
(-0.0942566 5.28816e-14 -0.0137361)
(1.87764 0 0.245083)
(1.61504 -2.10763e-14 0.229158)
(1.5919 5.63876e-15 0.2329)
(1.8169 -1.40559e-13 0.246617)
(1.2929 0 0.194361)
(0.321752 2.42783e-14 0.0912899)
(0.977094 2.43331e-14 0.165821)
(-0.149564 -7.88096e-14 0.0577872)
(-0.100897 2.63e-14 0.10758)
(-0.197821 -2.30717e-14 0.0544748)
(-0.165493 1.77377e-15 0.000348348)
(-0.182046 5.03052e-14 0.0116642)
(-0.200541 0 0.0239815)
(-0.208051 2.25254e-14 0.0362811)
(-0.1574 -6.14888e-14 -0.0138352)
(-0.144381 1.35126e-15 -0.0145929)
(-0.137915 -5.44197e-15 -0.0157279)
(1.8942 0 0.19531)
(1.89463 0 0.219199)
(1.81964 -2.91552e-17 0.042623)
(1.81364 1.19227e-13 0.0195835)
(1.82991 -2.91936e-17 0.0794889)
(1.8461 -1.20199e-13 0.108845)
(1.86445 -2.92431e-17 0.139688)
(1.88682 0 0.167064)
(-0.119468 3.75885e-14 -0.0191714)
(-0.129895 0 -0.0245274)
(-0.102903 5.06653e-15 -0.0208987)
(-0.0205363 1.28371e-13 -0.026411)
(-0.01453 8.28223e-15 -0.0309064)
(-0.00487064 0 -0.0398151)
(-0.0259101 1.16814e-13 -0.0152733)
(-0.0450364 2.02839e-14 -0.00866455)
(-0.0387573 -4.18534e-14 -0.0108728)
(-0.0292614 5.37777e-14 -0.0152283)
(-0.0571501 3.36096e-15 -0.0118843)
(-0.0686772 0 -0.0141991)
(-0.0435508 0 -0.0116942)
(-0.0769875 -1.03847e-13 -0.0185132)
(-0.0978794 -4.64403e-14 -0.0176651)
(1.87696 0 0.242035)
(1.59242 0 0.22834)
(1.28992 -9.28358e-14 0.201347)
(1.76625 1.06835e-13 0.231852)
(0.328174 2.64308e-14 0.100446)
(-0.123981 -2.76846e-14 0.0960904)
(0.693802 -6.42124e-14 0.126954)
(-0.171906 7.10114e-14 0.0765912)
(-0.201408 0 0.0758329)
(-0.223784 0 0.0540492)
(-0.174599 5.24307e-14 -0.00625792)
(-0.193877 -4.57318e-14 0.00189555)
(-0.215491 0 0.0115281)
(-0.219624 -2.20045e-14 0.0361201)
(-0.149721 3.04539e-14 -0.0161667)
(-0.163372 -1.1332e-13 -0.0144739)
(-0.135371 1.94567e-14 -0.0250204)
(1.9051 0 0.193294)
(1.90514 -1.00123e-15 0.21683)
(1.83568 2.91087e-17 0.0447017)
(1.82869 -1.19226e-13 0.0227604)
(1.84654 2.33138e-16 0.0791091)
(1.86213 1.19616e-13 0.110008)
(1.87956 1.45807e-17 0.13989)
(1.901 0 0.167118)
(-0.111825 -3.55432e-14 -0.0279789)
(-0.120327 0 -0.0336343)
(-0.106914 -4.59518e-15 -0.0248471)
(-0.0192577 -1.3998e-13 -0.0239514)
(-0.0130476 -1.66516e-14 -0.0345966)
(-0.0043497 4.06346e-15 -0.0433909)
(-0.0230803 6.16303e-14 -0.0202764)
(-0.0297622 -1.79804e-14 -0.0140314)
(-0.0299342 0 -0.0172989)
(-0.0214959 -3.70916e-14 -0.0221176)
(-0.0628932 -2.88594e-14 -0.013113)
(-0.050431 0 -0.0118962)
(-0.0730276 7.56715e-14 -0.0167477)
(-0.036968 1.65891e-14 -0.0132255)
(-0.0804732 0 -0.0216753)
(-0.0839405 3.85241e-14 -0.0245502)
(1.88732 0 0.235668)
(1.60382 6.11702e-14 0.224788)
(1.2612 -9.6618e-14 0.185374)
(1.24922 9.3053e-14 0.195315)
(1.77371 -1.10751e-13 0.228297)
(0.0582155 -5.29876e-14 0.0682303)
(-0.155194 3.39672e-14 0.0952927)
(0.674994 1.24754e-13 0.135496)
(-0.232191 -5.85479e-14 0.0795196)
(-0.237332 8.21392e-14 0.0548595)
(-0.182622 0 -0.00622175)
(-0.203264 0 0.00233949)
(-0.225891 0 0.0129255)
(-0.238829 0 0.0258854)
(-0.148186 3.09861e-14 -0.0266976)
(-0.16643 4.89376e-22 -0.0230085)
(-0.140358 -1.61486e-14 -0.0267289)
(1.91704 8.24512e-16 0.190127)
(1.90986 1.2258e-13 0.216091)
(1.84915 1.19191e-13 0.0410331)
(1.84234 1.19035e-13 0.023441)
(1.85995 1.18575e-13 0.0818619)
(1.87579 0 0.10494)
(1.89317 -7.26359e-17 0.139025)
(1.91339 0 0.166185)
(-0.116028 0 -0.0316452)
(-0.125752 0 -0.0361316)
(-0.0910966 -7.23247e-14 -0.0316668)
(-0.0163772 1.17218e-13 -0.0281642)
(-0.00956482 1.32046e-14 -0.0383007)
(-0.00325113 -1.94944e-15 -0.0462079)
(-0.0199848 -1.11804e-13 -0.0240824)
(-0.0242067 -1.76368e-14 -0.0175924)
(-0.018607 1.61857e-14 -0.0207874)
(-0.0168275 9.92684e-14 -0.0247314)
(-0.0338748 1.19956e-13 -0.0178082)
(-0.0209387 0 -0.0174754)
(-0.0433004 2.41366e-14 -0.0200667)
(-0.00884534 -1.60154e-14 -0.0191233)
(-0.0492315 0 -0.0241369)
(-0.0874473 9.64283e-14 -0.0285963)
(1.87781 4.16658e-23 0.227441)
(1.5194 -7.55991e-14 0.206077)
(1.14081 8.82988e-14 0.157004)
(0.689979 -7.24807e-14 0.129786)
(1.74923 1.23593e-13 0.217908)
(0.129471 -1.10138e-13 0.0549975)
(-0.152149 3.50936e-14 0.0748541)
(-0.225773 6.02187e-14 0.0865861)
(-0.246177 -6.02424e-14 0.0769733)
(-0.262532 -7.55225e-14 0.047112)
(-0.186012 0 -0.0175464)
(-0.207432 7.65585e-14 -0.0107471)
(-0.231227 0 -0.000380853)
(-0.250107 8.04292e-14 0.0282819)
(-0.155164 6.40113e-14 -0.0280766)
(-0.173813 0 -0.0224575)
(-0.130956 0 -0.0367626)
(1.91671 -1.20598e-13 0.215757)
(1.92743 1.18941e-13 0.189956)
(1.88385 2.79065e-15 0.221803)
(1.87398 -1.19009e-13 0.0405661)
(1.86925 -1.19034e-13 0.025074)
(1.88384 -1.18576e-13 0.0846481)
(1.89816 5.8061e-17 0.107492)
(1.91558 0 0.139506)
(1.93297 -1.16025e-16 0.167482)
(-0.0967943 1.32046e-13 -0.0370706)
(-0.102734 3.83577e-15 -0.0414005)
(-0.0939427 -1.19633e-13 -0.0350814)
(-0.0132094 -1.04421e-13 -0.0316527)
(-0.00778758 1.90083e-15 -0.0408568)
(-0.00312577 -1.2397e-16 -0.0491583)
(-0.0143525 1.07026e-13 -0.0273424)
(-0.00141636 0 -0.0204482)
(-0.00878273 3.69369e-14 -0.0240993)
(-0.00721691 0 -0.0279047)
(-0.0386437 5.99897e-15 -0.0195522)
(-0.0268787 -1.06576e-13 -0.0194268)
(-0.0115901 0 -0.0206672)
(-0.045521 0 -0.0221159)
(0.00327083 -1.64763e-14 -0.022348)
(-0.0504786 -8.14556e-14 -0.0260101)
(-0.0540864 5.73179e-14 -0.0287106)
(1.4828 0 0.203729)
(1.14611 0 0.157896)
(0.69853 -1.18221e-14 0.131955)
(1.75196 0 0.217025)
(1.47924 2.13081e-15 0.199853)
(0.0936719 1.21485e-13 0.0761455)
(-0.187529 0 0.0960169)
(-0.253623 -2.39586e-14 0.0890005)
(-0.285075 0 0.070431)
(-0.277009 3.39619e-14 0.0496982)
(-0.194621 -8.59366e-14 -0.016334)
(-0.216622 5.38492e-15 -0.00855944)
(-0.240986 -3.89106e-14 0.0015358)
(-0.26179 0 0.0152327)
(-0.146184 -1.33041e-14 -0.0353219)
(-0.162855 7.78332e-14 -0.0323573)
(-0.138438 0 -0.0371613)
(1.92894 0 0.212943)
(1.94493 -1.18588e-13 0.190831)
(1.87745 4.84325e-16 0.219583)
(-0.0989488 -1.46776e-14 -0.0407519)
(-0.108192 7.82724e-14 -0.0433717)
(-0.0569943 -1.81848e-14 -0.0337721)
(-0.00913714 1.01794e-13 -0.034995)
(-0.00432698 -1.94911e-15 -0.0434799)
(-0.00194046 1.26263e-13 -0.0512435)
(-0.0104993 -9.63288e-14 -0.0300695)
(0.0118581 8.82463e-15 -0.0226851)
(0.00497842 -9.93884e-14 -0.0234009)
(-0.0012225 -5.35942e-15 -0.0295783)
(0.00950099 9.38488e-14 -0.0195685)
(0.0158304 0 -0.0201222)
(0.0229585 0 -0.0202614)
(0.0039437 0 -0.020809)
(0.0293667 1.59122e-14 -0.0200373)
(-0.0025671 -7.49816e-14 -0.0229961)
(-0.053612 1.7695e-14 -0.0311911)
(1.04808 4.82554e-15 0.14719)
(1.03101 4.98592e-15 0.152402)
(0.524098 -2.07039e-14 0.119007)
(1.73493 0 0.212915)
(1.48307 -1.33941e-13 0.193368)
(0.14252 -2.24285e-14 0.103308)
(-0.163564 -1.12891e-14 0.0680924)
(-0.204983 -1.73897e-14 0.0823893)
(-0.289073 -3.16648e-14 0.0869772)
(-0.306137 5.28287e-14 0.0741248)
(-0.298591 3.20272e-14 0.0329238)
(-0.181124 5.43965e-15 -0.0263415)
(-0.200356 -8.28292e-14 -0.0180595)
(-0.225414 -3.7017e-14 -0.00888463)
(-0.271658 -6.36466e-14 0.0171365)
(-0.1538 -5.94059e-14 -0.034529)
(-0.171257 -1.11316e-14 -0.0297845)
(-0.114805 -1.13683e-13 -0.0424641)
(1.93741 0 0.210985)
(1.88537 -4.67278e-16 0.218876)
(-0.0580189 8.14431e-15 -0.0377386)
(-0.0622644 -7.41369e-14 -0.0411956)
(-0.0534077 1.00737e-15 -0.0361339)
(-0.00590529 -1.19781e-13 -0.0373616)
(-0.00305808 1.03968e-15 -0.0444905)
(-0.0013329 -1.28124e-13 -0.0524009)
(-0.00231903 1.2069e-14 -0.032323)
(0.0326765 -1.07424e-14 -0.0212241)
(0.019369 1.08395e-13 -0.0248217)
(0.0112076 -4.67445e-15 -0.032565)
(0.0341236 -9.84723e-14 -0.0198628)
(0.0257793 1.1365e-14 -0.021255)
(0.0403702 0 -0.0192976)
(0.0441114 0 -0.0198217)
(0.0188965 7.43156e-14 -0.023181)
(0.0443598 2.07898e-15 -0.020373)
(0.0129491 6.08117e-14 -0.0249916)
(-0.00699154 -8.9242e-14 -0.0269482)
(0.940844 0 0.129174)
(0.540124 -1.02734e-14 0.122066)
(1.74418 -1.20709e-13 0.210878)
(1.42124 1.25214e-13 0.17333)
(-0.00452729 -1.68293e-15 0.110017)
(-0.189005 0 0.0882736)
(-0.298265 8.22972e-14 0.0838831)
(-0.348628 -6.26677e-15 0.0531097)
(-0.312373 0 0.032657)
(-0.189744 7.98051e-14 -0.0229665)
(-0.20994 8.22895e-14 -0.0145235)
(-0.234971 0 -0.00510105)
(-0.256827 0 0.00288022)
(-0.127712 5.90452e-14 -0.0405328)
(-0.145921 1.69693e-14 -0.036212)
(-0.1218 -1.04145e-13 -0.0424639)
(1.87898 4.67103e-16 0.216609)
(-0.0541877 1.30956e-13 -0.0381956)
(-0.0588402 -6.44757e-15 -0.0407333)
(-0.00950602 1.32245e-13 -0.0311658)
(-0.00135845 0 -0.0403311)
(0.0011261 -1.374e-13 -0.0454954)
(1.51439e-05 0 -0.0533235)
(0.00217863 0 -0.0340782)
(0.0431086 0 -0.0212387)
(0.0166887 1.69432e-14 -0.0302545)
(0.0339906 -2.05431e-14 -0.0232723)
(0.0160905 0 -0.0313866)
(0.0831651 -5.86436e-15 -0.0159386)
(0.0841849 -1.09569e-14 -0.0161826)
(0.0807042 -1.08695e-13 -0.0163121)
(0.0774292 0 -0.0162286)
(0.0853755 -6.97803e-14 -0.0171403)
(0.0719461 1.29796e-13 -0.0162706)
(0.0865692 8.87306e-15 -0.0189379)
(0.0127751 -1.38265e-13 -0.0268822)
(0.93713 1.21228e-13 0.131306)
(0.487644 0 0.109067)
(0.437665 0 0.109803)
(1.71534 1.21385e-13 0.204761)
(1.4237 -1.23341e-13 0.174379)
(-0.132169 1.99592e-15 0.0890724)
(0.0707884 -9.80328e-14 0.138879)
(-0.291732 0 0.0733486)
(-0.310523 -7.39145e-14 0.0810638)
(-0.361192 1.19455e-13 0.0493287)
(-0.292168 0 0.0132164)
(-0.165309 0 -0.0295546)
(-0.178742 -7.42528e-14 -0.0245589)
(-0.208938 -2.01699e-15 -0.0164442)
(-0.267892 -3.27768e-14 0.00714411)
(-0.137544 -1.16914e-14 -0.0390227)
(-0.156073 2.89934e-14 -0.0321619)
(-0.0661151 7.93394e-16 -0.0411036)
(-0.00610696 0 -0.0320165)
(-0.00822332 0 -0.0358102)
(0.0174687 7.86246e-15 -0.0259359)
(0.00121343 0 -0.0393577)
(0.0017949 1.25032e-13 -0.0461195)
(0.000793849 0 -0.0523411)
(0.00658162 4.17242e-14 -0.0347092)
(0.066177 0 -0.0156137)
(0.0283331 -1.84128e-14 -0.0227061)
(0.0414365 0 -0.0206372)
(0.0202892 0 -0.0328035)
(0.0927788 5.6727e-15 -0.0165706)
(0.089384 3.15912e-15 -0.016148)
(0.0953887 8.3779e-14 -0.0172352)
(0.085531 1.10458e-13 -0.0156493)
(0.0806416 0 -0.014984)
(0.0978877 0 -0.0185443)
(0.0742005 -1.34816e-13 -0.0147927)
(0.100752 -1.3614e-13 -0.0195276)
(0.0894357 1.27608e-13 -0.0197015)
(0.901857 -1.41992e-13 0.128873)
(0.294144 4.41282e-15 0.0832805)
(1.37346 1.23071e-13 0.167646)
(-0.186953 0 0.101348)
(0.0241397 1.50969e-13 0.117338)
(-0.312639 0 0.0763673)
(-0.318208 -8.83236e-15 0.0817339)
(-0.399363 -1.80486e-13 0.0687385)
(-0.339427 0 0.0221841)
(-0.303246 -2.88078e-14 0.0153189)
(-0.172364 9.24313e-14 -0.024174)
(-0.188472 0 -0.0218026)
(-0.217684 -2.97342e-14 -0.0134703)
(-0.239096 2.79807e-14 -0.008792)
(-0.0760007 2.34414e-14 -0.0389435)
(-0.0930803 5.55375e-14 -0.0350215)
(-0.0662796 -7.7215e-16 -0.0398581)
(0.0191801 0 -0.0275479)
(0.0289238 -1.13966e-13 -0.0265477)
(0.091733 -7.1929e-15 -0.0190686)
(0.00532554 -1.82613e-14 -0.0377126)
(0.00531787 1.66782e-14 -0.0450395)
(0.000672642 0 -0.0520065)
(0.0100963 -3.9682e-14 -0.0361339)
(0.0671448 0 -0.0146742)
(0.0382092 0 -0.025559)
(0.0602931 0 -0.0157674)
(0.0281754 0 -0.0279633)
(0.0159898 0 -0.035022)
(0.141577 -8.49956e-14 -0.00743894)
(0.130345 0 -0.00700409)
(0.153251 0 -0.00785163)
(0.11945 0 -0.0064505)
(0.10892 0 -0.00632424)
(0.165168 0 -0.00811656)
(0.0983903 -1.18034e-13 -0.0061128)
(0.17776 -1.28232e-13 -0.00812736)
(0.103202 0 -0.0203064)
(0.29329 -7.85157e-14 0.0743442)
(0.91218 0 0.124761)
(0.277562 5.96464e-14 0.088312)
(-0.0329252 3.39443e-14 0.115853)
(-0.150975 0 0.0812898)
(-0.337194 0 0.0632172)
(-0.413015 0 0.0604837)
(-0.355706 -5.77604e-14 0.0223653)
(-0.271915 2.63276e-14 -0.00292962)
(-0.10392 9.8683e-14 -0.035361)
(-0.127194 0 -0.0251251)
(-0.152679 -3.2868e-14 -0.0181631)
(-0.247764 3.76297e-15 -0.00693193)
(-0.0826629 -8.6571e-14 -0.0369262)
(-0.00204113 9.73563e-14 -0.0345158)
(0.0950367 -1.07027e-13 -0.01999)
(0.0973514 1.16339e-14 -0.0190544)
(0.10594 1.204e-13 -0.0193282)
(0.00695609 6.81018e-15 -0.0445893)
(0.0020679 -7.32364e-15 -0.0494361)
(0.0881183 0 -0.0061268)
(0.0532209 -8.23536e-14 -0.018524)
(0.0614433 0 -0.0161117)
(0.0332749 4.12964e-14 -0.0258083)
(0.0181175 7.78376e-15 -0.0357687)
(0.139004 9.04793e-14 -0.0041868)
(0.150672 0 -0.00441155)
(0.127294 0 -0.00415357)
(0.163049 0 -0.00437677)
(0.116474 0 -0.00405632)
(0.105348 -7.53636e-15 -0.00417166)
(0.175577 1.33321e-13 -0.00461013)
(0.0950496 1.34579e-13 -0.00405716)
(0.188651 0 -0.00426137)
(0.18982 0 -0.00749077)
(0.304073 1.15594e-14 0.0681515)
(0.831801 -8.29377e-15 0.109317)
(-0.10479 6.69244e-14 -0.0207926)
(-0.184451 6.94795e-14 0.0757138)
(-0.200122 -9.73495e-14 0.0934855)
(-0.370112 1.21264e-15 0.0454907)
(-0.437421 -7.56651e-14 0.048129)
(-0.423411 0 0.0509021)
(-0.332849 1.32577e-13 0.00681532)
(-0.284783 -1.52619e-13 -0.00199794)
(-0.0940358 -5.62424e-14 -0.0315451)
(-0.139303 7.0693e-14 -0.0195817)
(-0.110673 -4.11945e-14 -0.0257511)
(-0.162431 0 -0.0126036)
(-0.173441 3.62603e-15 -0.0133039)
(-0.00361626 -8.60035e-14 -0.0341309)
(0.0288852 1.03703e-13 -0.0265858)
(0.108375 0 -0.0207498)
(0.110832 -5.77192e-15 -0.0194555)
(0.201805 -6.57214e-15 -0.00754985)
(0.0109365 0 -0.0418806)
(0.00367862 1.25325e-13 -0.0461985)
(0.0844912 4.62219e-15 -0.00414512)
(0.0517457 8.96154e-14 -0.0167928)
(0.0776095 -4.82711e-15 -0.00612782)
(0.0438728 -2.31908e-14 -0.0194098)
(0.0245157 -2.39797e-14 -0.0303538)
(0.200661 0 -0.0038366)
(0.193261 0 0.0552703)
(-0.166019 0 0.00676597)
(-0.196617 -7.35694e-14 0.007425)
(-0.394288 2.51558e-15 0.0356768)
(-0.45667 7.73076e-14 0.0347609)
(-0.343258 -7.95784e-14 0.00433793)
(-0.206948 4.54486e-14 -0.0150829)
(-0.00591298 -2.56376e-15 -0.0280324)
(-0.0076523 -1.31175e-13 -0.0155604)
(0.00131242 2.01597e-14 -0.030196)
(-0.0240988 0 -0.0132217)
(-0.18397 -3.51558e-15 -0.00886473)
(0.0238268 0 -0.0236011)
(0.0994828 -2.15859e-14 -0.01823)
(0.213002 0 -0.00679628)
(0.224321 5.36883e-15 -0.00690487)
(0.212806 0 -0.00356031)
(0.0120084 0 -0.038705)
(0.00451038 -1.30166e-13 -0.0421894)
(0.0663338 0 -0.00674887)
(0.0734979 0 -0.00459953)
(0.0423618 -8.10172e-16 -0.0171124)
(0.0254758 -1.85477e-15 -0.0282029)
(-0.189309 8.13186e-15 0.00662946)
(-0.385778 0 0.00996342)
(-0.470624 8.52557e-14 0.0295291)
(-0.39502 -2.36548e-15 0.0143296)
(-0.344211 8.57211e-14 -0.00265036)
(-0.220303 1.33333e-15 -0.015424)
(0.0309835 0 -0.0229206)
(0.00225238 1.38847e-13 -0.0142628)
(-0.0175103 0 -0.015465)
(-0.0374985 0 -0.0154502)
(-0.0475905 0 -0.0159577)
(0.101274 6.92931e-14 -0.0202505)
(0.112268 -7.06911e-14 -0.0191989)
(0.224062 0 -0.00319517)
(0.235423 0 -0.00280281)
(0.0155462 1.26694e-13 -0.0349583)
(0.00345817 0 -0.0385989)
(0.0617563 5.61817e-15 -0.00491587)
(0.0542959 -5.78309e-15 -0.00732746)
(0.0335412 8.49814e-16 -0.0213753)
(-0.381347 -1.2829e-13 0.00414121)
(-0.485103 -9.474e-14 0.0115622)
(-0.493947 4.67376e-15 0.00563076)
(-0.354731 -7.21645e-14 -0.00443468)
(-0.209499 -6.18772e-15 -0.0196759)
(0.102014 -2.29704e-15 -0.0128934)
(0.0971643 -1.01125e-15 -0.0117849)
(0.0937235 -1.18613e-13 -0.0138032)
(0.105986 -4.16456e-16 -0.0211285)
(-0.0740751 0 -0.0227028)
(0.114129 9.56594e-15 -0.0193054)
(0.234263 0 -0.0062041)
(0.0159446 -1.08588e-13 -0.029692)
(0.00418966 -5.08102e-16 -0.0338)
(0.0493021 0 -0.00497325)
(0.0308136 7.0607e-15 -0.0185407)
(-0.396348 1.25868e-13 0.00239443)
(-0.499664 -8.98082e-15 -0.0023327)
(-0.353251 8.08765e-14 -0.0125327)
(-0.0764699 5.94788e-15 -0.0101882)
(-0.224166 9.3956e-14 -0.0239673)
(0.110498 2.10848e-15 -0.0131875)
(0.104769 1.23712e-13 -0.0115879)
(0.0993908 7.07664e-15 -0.0133438)
(0.0797516 3.83603e-16 -0.0484514)
(0.244582 0 -0.0055358)
(0.244338 0 -0.00294821)
(0.0213442 1.02888e-13 -0.0236744)
(0.00715011 1.00701e-15 -0.0273631)
(0.0416129 -6.65481e-15 -0.00793513)
(-0.500951 0 -0.007132)
(-0.361281 9.78474e-15 -0.0128739)
(-0.0983923 0 -0.0257159)
(-0.199205 -8.53691e-14 -0.0309843)
(0.252472 0 -0.00467006)
(0.256544 1.16813e-13 -0.00303665)
(0.259227 -6.65663e-15 -0.000489582)
(0.0910791 0 -0.0404561)
(0.254818 0 -0.00178353)
(0.0199078 -1.20832e-13 -0.0186686)
(0.00834448 0 -0.0213394)
(0.0361979 3.49064e-15 -0.00582783)
(-0.50544 0 -0.00603241)
(-0.350836 -1.83119e-14 -0.0143859)
(-0.0521966 -1.49314e-14 -0.0465484)
(-0.216465 2.10883e-14 -0.0313534)
(0.259735 -1.22009e-13 -0.000727816)
(0.262057 0 0.000224502)
(0.263645 -1.00013e-13 -0.00370532)
(0.127533 1.01914e-13 -0.0333381)
(0.0273322 -3.55095e-15 -0.010041)
(0.00396624 -1.30956e-13 -0.012491)
(-0.356832 0 -0.0102574)
(0.105022 -8.70693e-14 -0.0394102)
(-0.12176 -4.30421e-14 -0.0358331)
(-0.186188 0 -0.0301083)
(0.278576 9.85857e-14 -0.0153338)
(0.290051 -1.13502e-14 -0.00796944)
(0.0239059 0 -0.00595155)
(0.00970583 1.31189e-13 -0.00837133)
(-0.353853 0 -0.00984015)
(0.149602 2.59716e-14 -0.0200126)
(0.104529 4.33948e-14 -0.0168652)
(-0.188926 0 -0.0123538)
(0.290052 0 -0.00584259)
(0.306355 6.47423e-16 -0.00247393)
(0.291898 -2.79273e-14 0.00544387)
(0.0439119 1.30817e-13 -0.0127028)
(-0.179636 0 0.0019288)
(0.296193 8.0762e-15 0.00385343)
(0.0691805 -1.30817e-13 -0.0279228)
(0.304584 0 -0.00702639)
)
;

boundaryField
{
    frontAndBack
    {
        type            empty;
    }
    lowerWall
    {
        type            slip;
    }
    flap
    {
        type            slip;
    }
    outlet
    {
        type            zeroGradient;
    }
    upperWall
    {
        type            slip;
    }
    inlet
    {
        type            fixedValue;
        value           uniform (1 0 0);
    }
}


// ************************************************************************* //
