/*--------------------------------*- C++ -*----------------------------------*\
  =========                 |
  \\      /  F ield         | OpenFOAM: The Open Source CFD Toolbox
   \\    /   O peration     | Website:  https://openfoam.org
    \\  /    A nd           | Version:  7
     \\/     M anipulation  |
\*---------------------------------------------------------------------------*/
FoamFile
{
    version     2.0;
    format      ascii;
    class       labelList;
    note        "nPoints:3048  nCells:2878  nFaces:10157  nInternalFaces:4233";
    location    "0.01/polyMesh";
    object      neighbour;
}
// * * * * * * * * * * * * * * * * * * * * * * * * * * * * * * * * * * * * * //


4233
(
1
2
3
4
5
6
7
8
6
9
10
11
12
13
14
15
16
16
17
14
18
15
19
20
21
22
23
24
25
26
26
27
28
29
28
30
30
31
27
32
29
33
34
35
36
37
38
39
40
41
42
41
43
43
44
45
46
45
47
46
48
48
49
44
50
51
47
52
53
54
55
56
57
58
59
60
61
62
63
63
64
62
65
61
65
66
67
67
68
69
70
68
71
71
72
73
74
75
76
69
77
78
70
79
80
81
82
83
84
85
86
87
87
88
89
90
89
91
91
92
88
90
93
94
81
95
96
83
97
98
85
99
100
101
102
103
104
105
106
97
107
98
108
95
109
110
99
111
112
112
113
114
115
116
115
117
117
118
119
120
118
120
119
121
121
122
123
124
124
125
111
126
127
128
129
130
129
131
132
133
134
135
136
137
138
139
128
140
141
126
142
143
130
144
139
145
146
147
148
148
149
147
150
150
151
152
153
151
152
138
153
154
155
156
157
156
158
159
160
144
160
161
146
162
163
164
165
166
167
168
169
170
171
172
172
173
174
173
175
159
176
177
178
163
179
180
181
182
183
182
184
184
185
183
186
186
187
187
188
188
189
189
190
191
192
193
194
193
195
194
196
178
197
198
198
199
181
200
201
202
203
204
205
206
207
208
209
210
211
192
210
212
213
214
212
215
197
216
217
218
201
219
220
221
222
223
222
224
223
225
225
226
224
227
227
228
228
229
211
229
230
231
232
233
234
234
235
233
236
235
237
238
239
219
238
240
221
241
242
243
244
245
246
247
248
249
250
232
251
252
253
254
255
256
257
258
259
239
260
261
262
242
263
264
265
266
267
267
268
266
269
268
270
270
271
269
272
272
273
253
273
252
274
275
276
259
277
278
279
279
280
280
281
278
282
283
281
284
263
285
285
286
287
265
288
289
290
291
292
293
294
295
296
297
277
298
299
300
300
301
302
303
304
305
306
283
307
308
286
309
310
311
289
312
313
314
315
316
315
317
317
318
316
319
318
320
321
319
322
301
322
299
323
324
325
326
308
327
328
329
329
330
330
331
331
332
328
333
334
332
335
312
336
336
337
338
339
339
340
341
342
343
344
345
321
346
347
348
327
349
350
351
351
352
352
353
354
355
356
357
358
359
334
360
354
337
361
362
363
340
364
365
366
367
368
368
369
367
370
370
371
369
372
371
373
374
353
372
350
375
376
377
378
379
380
381
382
381
383
383
384
384
385
385
386
382
387
386
388
363
389
390
389
391
392
391
393
394
395
396
397
398
399
374
400
401
380
402
403
404
404
405
405
406
406
407
408
409
410
411
412
413
414
408
415
390
416
417
418
419
393
420
421
422
423
422
424
424
425
423
426
426
427
407
425
427
428
429
403
430
431
432
433
434
435
436
437
438
437
439
438
440
440
441
442
443
442
444
439
445
444
446
419
447
447
448
449
421
450
451
452
453
454
455
456
457
429
458
459
436
460
461
462
461
463
463
464
464
465
465
466
467
468
469
470
471
443
472
473
474
475
467
476
448
477
478
479
451
480
481
482
483
484
484
485
483
486
466
486
485
487
487
488
488
489
490
462
491
492
493
494
495
496
497
498
499
500
499
501
500
502
501
503
503
504
505
506
504
506
505
507
502
508
507
509
480
510
510
511
512
482
513
514
515
516
517
518
519
520
490
521
522
523
524
525
526
524
527
526
528
528
529
529
530
530
531
508
523
532
533
534
535
536
537
538
539
540
541
511
542
543
544
514
545
546
547
548
549
548
550
550
551
531
549
551
552
552
553
553
554
555
556
557
527
558
559
560
561
562
563
564
565
566
566
567
536
568
567
569
570
539
571
572
573
574
573
575
569
576
575
577
545
578
578
579
580
581
582
580
581
583
584
585
586
587
588
555
589
590
576
591
591
592
559
593
594
592
595
596
597
596
598
598
599
599
600
568
601
602
603
604
605
571
606
607
574
608
609
610
611
612
579
613
614
615
616
617
618
619
620
600
619
620
621
621
622
622
623
623
624
624
625
626
627
628
595
629
597
630
631
632
633
634
635
636
602
637
638
638
639
606
640
639
641
642
610
643
644
645
644
646
647
646
648
641
649
648
650
616
651
651
652
653
653
654
654
655
656
657
658
659
660
661
626
662
663
649
664
664
665
630
666
667
665
668
634
669
669
670
671
671
672
672
673
640
674
675
676
677
678
643
679
680
681
647
682
683
684
685
686
652
687
688
689
690
691
692
673
693
693
694
694
695
695
696
696
697
697
698
698
699
700
701
702
668
703
670
704
705
706
707
708
709
710
675
711
712
713
714
679
715
716
717
718
684
719
720
721
720
722
721
723
724
723
725
717
726
725
727
690
728
728
729
730
730
731
731
732
733
734
735
736
737
738
700
739
740
726
741
741
742
704
743
744
742
745
746
747
746
748
747
749
750
751
750
752
715
753
713
754
755
716
755
756
757
758
719
759
760
761
762
724
763
764
765
766
767
768
769
770
768
771
772
773
774
752
775
775
776
776
777
777
778
778
779
779
780
780
781
782
783
784
745
785
748
786
787
788
789
790
751
791
792
793
794
754
795
796
797
759
798
799
800
799
801
802
765
803
804
805
804
806
807
808
806
809
810
769
809
801
811
812
813
771
814
815
814
816
774
817
818
819
820
821
822
823
824
782
825
826
811
827
827
828
786
829
830
828
831
832
833
791
833
832
834
835
793
836
837
819
838
798
839
840
841
800
841
842
843
844
845
803
846
847
848
808
849
850
810
851
852
853
854
855
815
856
857
858
859
860
861
862
862
863
863
864
864
865
865
866
866
867
867
868
868
869
870
871
872
831
873
834
874
875
876
877
878
837
879
838
880
881
882
840
883
884
885
846
886
887
888
885
888
887
889
890
854
891
849
892
893
892
894
895
896
896
897
858
894
895
889
898
857
899
900
901
861
902
902
903
904
905
906
907
908
909
870
910
911
898
912
912
913
874
914
915
913
916
917
918
879
918
917
919
920
881
921
922
923
924
886
925
926
927
928
929
930
931
932
891
933
934
935
936
937
938
939
940
937
941
942
903
943
943
944
944
945
923
946
946
947
947
948
948
949
949
950
950
951
951
952
953
954
955
916
956
919
957
958
959
960
961
922
962
924
963
964
965
966
927
967
928
968
969
970
933
971
972
973
970
973
972
974
975
939
976
936
977
978
979
945
977
980
980
981
981
982
974
983
984
985
986
987
988
989
990
991
992
953
993
994
983
995
995
996
957
997
998
996
999
1000
1001
962
1001
998
1002
1003
964
1004
1005
1006
1007
1007
1008
971
1009
969
1010
1011
1012
1013
1014
1015
1016
976
1017
1018
1019
1020
1021
1022
1023
1024
1025
1022
1026
1027
1028
1028
1029
1029
1030
1006
1031
1031
1032
1032
1033
1033
1034
1034
1035
1035
1036
1036
1037
1038
1039
1040
999
1041
1042
1043
1002
1044
1045
1046
1005
1047
1008
1048
1049
1050
1051
1052
1011
1053
1012
1054
1055
1056
1017
1057
1058
1059
1056
1058
1059
1060
1061
1024
1062
1021
1030
1023
1063
1064
1065
1066
1067
1067
1068
1068
1069
1060
1070
1071
1072
1073
1074
1075
1076
1077
1078
1079
1038
1080
1081
1070
1082
1082
1083
1084
1085
1084
1086
1083
1087
1088
1089
1047
1089
1086
1090
1091
1049
1092
1093
1051
1094
1095
1095
1096
1057
1097
1055
1098
1099
1100
1101
1102
1103
1104
1062
1105
1106
1064
1107
1108
1066
1109
1110
1111
1112
1109
1113
1114
1115
1115
1116
1108
1116
1094
1117
1076
1118
1119
1119
1120
1120
1121
1121
1122
1122
1123
1124
1125
1126
1127
1087
1128
1129
1130
1090
1131
1132
1133
1093
1134
1096
1135
1136
1137
1138
1139
1099
1140
1100
1141
1142
1143
1144
1145
1143
1146
1146
1147
1147
1148
1145
1149
1111
1150
1151
1152
1153
1154
1151
1155
1156
1156
1157
1158
1159
1148
1160
1161
1162
1118
1163
1164
1165
1166
1167
1168
1124
1169
1170
1160
1171
1171
1172
1128
1173
1174
1173
1175
1172
1176
1177
1178
1134
1177
1175
1179
1180
1136
1181
1182
1183
1184
1185
1186
1186
1187
1188
1189
1190
1191
1190
1192
1193
1188
1194
1195
1196
1197
1198
1150
1199
1200
1201
1202
1203
1203
1204
1155
1159
1205
1206
1158
1207
1208
1209
1210
1211
1211
1212
1164
1184
1213
1214
1215
1214
1216
1168
1216
1217
1217
1218
1219
1220
1221
1222
1176
1223
1224
1225
1226
1179
1227
1228
1182
1229
1187
1230
1231
1185
1232
1233
1234
1235
1236
1237
1192
1238
1239
1193
1240
1241
1242
1195
1243
1244
1242
1245
1245
1246
1246
1247
1244
1248
1206
1249
1202
1250
1251
1252
1212
1253
1250
1254
1207
1255
1209
1256
1257
1247
1258
1259
1260
1215
1261
1262
1263
1264
1265
1219
1266
1267
1258
1268
1268
1269
1223
1270
1271
1270
1272
1269
1273
1227
1274
1275
1276
1277
1278
1279
1280
1281
1279
1280
1282
1283
1282
1284
1283
1285
1285
1286
1281
1286
1243
1287
1287
1288
1240
1289
1290
1289
1291
1292
1293
1294
1295
1296
1297
1249
1298
1299
1300
1301
1302
1253
1303
1304
1305
1306
1256
1299
1307
1305
1308
1309
1260
1310
1284
1311
1312
1313
1312
1314
1313
1315
1315
1316
1316
1317
1317
1318
1319
1320
1321
1273
1322
1277
1323
1324
1278
1325
1276
1326
1327
1328
1329
1330
1331
1332
1333
1334
1335
1336
1337
1338
1339
1340
1341
1292
1342
1340
1343
1344
1345
1346
1345
1347
1344
1348
1348
1349
1349
1350
1347
1351
1352
1302
1353
1303
1354
1355
1356
1310
1357
1358
1353
1359
1308
1360
1361
1350
1362
1314
1363
1364
1365
1366
1367
1368
1369
1370
1320
1371
1372
1322
1373
1374
1373
1375
1372
1376
1326
1377
1378
1328
1379
1380
1377
1381
1331
1381
1382
1383
1384
1385
1386
1386
1387
1385
1388
1387
1389
1383
1389
1390
1391
1390
1392
1393
1343
1394
1394
1395
1396
1397
1398
1391
1399
1400
1401
1402
1403
1352
1404
1360
1405
1406
1407
1405
1406
1357
1408
1359
1409
1410
1411
1409
1412
1371
1413
1388
1414
1366
1415
1416
1417
1414
1416
1418
1418
1419
1419
1420
1420
1421
1422
1423
1376
1424
1380
1425
1426
1427
1379
1428
1429
1384
1430
1431
1432
1433
1434
1435
1436
1437
1438
1439
1393
1440
1441
1442
1397
1443
1444
1445
1401
1399
1400
1446
1447
1448
1448
1449
1449
1450
1411
1451
1452
1453
1408
1454
1455
1456
1457
1458
1458
1459
1460
1461
1462
1417
1463
1464
1465
1466
1467
1468
1422
1461
1469
1424
1470
1471
1472
1469
1473
1428
1474
1430
1475
1476
1432
1477
1478
1434
1479
1480
1481
1482
1479
1483
1477
1482
1484
1485
1446
1484
1485
1486
1444
1487
1445
1488
1489
1490
1491
1491
1492
1451
1493
1494
1495
1460
1496
1497
1456
1498
1498
1499
1499
1459
1500
1501
1500
1502
1503
1504
1505
1506
1463
1507
1508
1465
1509
1510
1509
1511
1512
1513
1512
1514
1472
1515
1516
1517
1518
1517
1519
1475
1478
1481
1507
1520
1521
1522
1523
1523
1524
1489
1525
1526
1494
1527
1528
1493
1529
1530
1531
1531
1532
1532
1533
1503
1534
1535
1536
1537
1535
1538
1538
1539
1540
1540
1541
1506
1542
1543
1510
1513
1543
1544
1516
1545
1546
1547
1545
1544
1548
1529
1549
1549
1550
1550
1551
1552
1528
1553
1554
1555
1527
1556
1557
1555
1558
1534
1559
1560
1561
1542
1562
1563
1564
1565
1541
1566
1567
1566
1568
1569
1570
1571
1572
1573
1574
1575
1576
1548
1575
1577
1578
1579
1552
1580
1581
1581
1582
1556
1583
1584
1585
1560
1586
1559
1587
1588
1589
1589
1590
1590
1591
1588
1592
1565
1593
1594
1595
1593
1596
1597
1598
1592
1599
1599
1600
1572
1601
1602
1602
1603
1576
1604
1605
1606
1603
1607
1587
1608
1580
1609
1610
1611
1584
1612
1613
1614
1614
1586
1615
1616
1617
1618
1619
1620
1601
1621
1622
1623
1624
1598
1625
1597
1626
1627
1628
1629
1625
1630
1631
1632
1633
1634
1635
1607
1636
1636
1637
1638
1609
1639
1640
1611
1641
1642
1643
1644
1615
1645
1646
1647
1619
1648
1618
1649
1650
1651
1651
1652
1652
1653
1654
1655
1624
1626
1656
1657
1658
1659
1660
1659
1661
1630
1654
1662
1632
1663
1664
1664
1665
1666
1637
1667
1668
1669
1665
1670
1671
1672
1641
1673
1674
1643
1675
1676
1646
1677
1678
1679
1678
1648
1680
1681
1672
1682
1655
1682
1683
1684
1663
1685
1686
1687
1688
1689
1690
1660
1688
1691
1692
1689
1693
1690
1694
1695
1696
1697
1698
1698
1699
1670
1700
1700
1701
1702
1673
1703
1704
1705
1675
1706
1707
1677
1708
1709
1710
1680
1711
1712
1683
1713
1714
1715
1715
1716
1716
1717
1687
1718
1719
1720
1721
1722
1693
1723
1723
1724
1725
1718
1726
1696
1727
1728
1728
1729
1730
1701
1731
1732
1733
1729
1734
1735
1736
1735
1737
1706
1738
1739
1708
1740
1741
1710
1742
1743
1743
1744
1713
1745
1746
1719
1737
1747
1748
1727
1749
1750
1751
1724
1752
1753
1753
1754
1755
1756
1752
1757
1754
1758
1759
1760
1761
1762
1763
1762
1764
1734
1765
1765
1766
1767
1768
1769
1770
1771
1769
1772
1740
1772
1773
1742
1774
1775
1776
1745
1777
1778
1747
1779
1780
1780
1781
1781
1782
1758
1783
1783
1784
1785
1786
1787
1757
1788
1789
1790
1791
1760
1792
1793
1793
1794
1795
1796
1766
1797
1798
1799
1794
1800
1801
1802
1803
1802
1804
1784
1801
1805
1806
1807
1807
1808
1776
1808
1809
1809
1810
1779
1811
1812
1813
1814
1792
1815
1816
1817
1790
1818
1818
1819
1819
1820
1789
1821
1822
1820
1823
1824
1825
1826
1827
1828
1829
1828
1830
1799
1831
1832
1831
1833
1834
1835
1836
1837
1837
1838
1806
1836
1839
1840
1841
1842
1811
1843
1844
1813
1845
1846
1846
1847
1847
1848
1823
1849
1849
1850
1851
1852
1853
1822
1854
1855
1856
1825
1857
1858
1858
1859
1829
1860
1861
1862
1832
1863
1864
1865
1859
1866
1850
1867
1867
1868
1869
1870
1868
1871
1872
1873
1872
1874
1842
1875
1876
1876
1877
1845
1878
1879
1880
1881
1857
1882
1883
1884
1855
1885
1885
1886
1886
1887
1888
1889
1887
1890
1891
1892
1893
1861
1894
1895
1894
1896
1897
1898
1865
1899
1900
1899
1901
1902
1903
1873
1904
1871
1904
1905
1906
1907
1875
1908
1909
1910
1911
1912
1911
1913
1880
1914
1915
1915
1916
1916
1917
1890
1918
1902
1919
1920
1921
1922
1889
1923
1924
1925
1892
1926
1927
1927
1928
1929
1898
1930
1931
1900
1932
1933
1934
1935
1928
1936
1937
1938
1939
1940
1939
1941
1942
1943
1942
1944
1943
1945
1910
1945
1946
1947
1946
1948
1914
1949
1950
1951
1952
1926
1953
1919
1954
1955
1956
1957
1956
1958
1958
1959
1960
1957
1960
1959
1961
1962
1963
1964
1930
1965
1966
1967
1968
1969
1966
1968
1935
1970
1971
1970
1972
1938
1973
1974
1975
1941
1944
1976
1977
1978
1979
1980
1981
1949
1982
1982
1983
1984
1951
1985
1986
1986
1987
1987
1988
1961
1989
1973
1990
1991
1992
1993
1994
1995
1996
1963
1997
1998
1998
1999
1967
2000
2001
2002
2003
1971
2004
2005
2006
1999
2007
2008
2008
2009
2010
2011
2010
2012
2013
2014
2013
2015
2012
2014
2015
2016
1983
2016
2017
2018
1985
2019
2020
2020
2021
1997
2022
1990
2023
2024
2025
2026
2025
2027
2026
2028
2028
2029
2030
2029
2031
2032
2033
2034
2035
2036
2003
2036
2035
2037
2038
2039
2040
2006
2041
2042
2041
2043
2044
2011
2045
2046
2047
2048
2049
2050
2051
2052
2019
2053
2054
2055
2056
2057
2057
2058
2059
2060
2031
2061
2044
2062
2063
2064
2030
2065
2066
2067
2068
2033
2069
2070
2070
2071
2072
2073
2074
2040
2075
2042
2076
2077
2078
2079
2071
2080
2081
2081
2082
2083
2084
2083
2085
2084
2086
2087
2088
2087
2089
2052
2088
2090
2055
2091
2090
2092
2093
2057
2094
2059
2095
2096
2069
2097
2062
2098
2099
2064
2100
2101
2102
2101
2103
2103
2104
2104
2105
2106
2107
2108
2109
2110
2075
2109
2111
2112
2077
2113
2114
2079
2115
2116
2115
2117
2118
2085
2119
2120
2121
2122
2089
2123
2124
2125
2126
2127
2128
2129
2093
2130
2129
2095
2128
2131
2097
2132
2133
2105
2134
2118
2135
2102
2136
2137
2138
2139
2140
2141
2107
2142
2143
2143
2144
2145
2111
2146
2147
2114
2148
2149
2150
2151
2152
2150
2153
2144
2154
2155
2156
2157
2158
2159
2123
2158
2157
2159
2160
2126
2161
2127
2161
2162
2163
2164
2165
2166
2167
2132
2168
2169
2142
2170
2135
2171
2172
2138
2173
2173
2174
2175
2174
2176
2176
2177
2177
2178
2179
2180
2181
2148
2182
2182
2183
2183
2184
2185
2186
2187
2188
2185
2187
2153
2154
2189
2190
2156
2191
2192
2193
2194
2195
2196
2197
2198
2196
2199
2167
2200
2168
2201
2201
2202
2202
2203
2204
2205
2170
2206
2207
2178
2208
2191
2209
2210
2211
2212
2213
2214
2215
2216
2217
2181
2217
2218
2219
2220
2221
2222
2223
2224
2225
2189
2223
2226
2227
2228
2229
2230
2231
2230
2232
2233
2234
2232
2234
2235
2233
2236
2199
2237
2238
2237
2239
2240
2241
2204
2242
2243
2206
2244
2245
2216
2245
2209
2246
2247
2212
2248
2248
2249
2250
2249
2251
2251
2252
2252
2253
2254
2255
2228
2256
2220
2257
2258
2259
2257
2260
2261
2225
2262
2263
2264
2265
2264
2266
2267
2231
2268
2269
2270
2271
2272
2273
2236
2274
2275
2276
2274
2276
2243
2277
2244
2278
2278
2279
2279
2280
2281
2282
2283
2253
2284
2268
2285
2286
2287
2288
2289
2290
2291
2292
2293
2256
2292
2294
2295
2259
2296
2297
2263
2298
2265
2299
2300
2301
2302
2303
2304
2267
2305
2306
2307
2308
2309
2307
2310
2309
2311
2312
2313
2311
2313
2314
2312
2315
2316
2316
2317
2318
2319
2281
2320
2321
2322
2323
2323
2324
2285
2325
2326
2327
2328
2327
2329
2328
2329
2330
2330
2331
2331
2332
2333
2324
2334
2306
2335
2298
2336
2336
2337
2337
2338
2339
2300
2340
2341
2302
2342
2339
2343
2344
2343
2345
2344
2346
2347
2348
2310
2349
2350
2351
2352
2353
2354
2315
2355
2356
2355
2321
2357
2322
2358
2358
2359
2359
2360
2361
2362
2363
2364
2332
2365
2348
2366
2367
2368
2369
2370
2371
2372
2335
2373
2373
2374
2375
2376
2377
2378
2379
2345
2380
2342
2381
2382
2383
2384
2385
2347
2386
2387
2388
2350
2389
2390
2388
2391
2354
2390
2392
2393
2394
2395
2393
2396
2395
2397
2398
2399
2361
2400
2401
2402
2403
2364
2402
2404
2366
2405
2406
2368
2407
2408
2407
2409
2409
2410
2410
2411
2411
2412
2413
2404
2414
2387
2415
2377
2416
2417
2418
2416
2419
2381
2420
2421
2419
2422
2423
2424
2423
2425
2424
2426
2425
2427
2428
2429
2430
2431
2432
2430
2433
2394
2434
2435
2436
2396
2437
2401
2438
2403
2439
2439
2440
2440
2441
2442
2443
2444
2445
2412
2446
2429
2447
2448
2449
2450
2451
2452
2453
2415
2454
2454
2455
2456
2457
2418
2458
2459
2460
2426
2461
2422
2462
2463
2464
2465
2466
2467
2428
2468
2469
2470
2471
2432
2472
2473
2470
2474
2475
2476
2476
2477
2473
2475
2438
2478
2479
2480
2481
2442
2482
2483
2445
2484
2484
2485
2486
2487
2488
2487
2489
2449
2490
2491
2451
2492
2493
2493
2494
2494
2495
2496
2486
2497
2469
2498
2460
2499
2499
2500
2500
2501
2502
2462
2503
2504
2502
2505
2506
2507
2507
2508
2506
2509
2508
2510
2509
2511
2512
2489
2513
2514
2514
2515
2515
2516
2517
2518
2519
2478
2520
2521
2483
2522
2485
2523
2523
2524
2524
2525
2526
2527
2528
2529
2530
2495
2531
2532
2492
2498
2533
2533
2534
2535
2536
2537
2538
2539
2510
2540
2505
2541
2542
2543
2544
2545
2546
2547
2512
2548
2549
2517
2550
2551
2552
2532
2553
2554
2555
2556
2520
2557
2558
2522
2559
2560
2561
2562
2526
2563
2564
2529
2565
2565
2566
2567
2531
2568
2569
2570
2567
2571
2549
2572
2539
2573
2573
2574
2574
2575
2576
2541
2577
2578
2576
2579
2580
2581
2580
2582
2582
2583
2581
2584
2583
2585
2584
2586
2587
2551
2588
2589
2555
2589
2554
2590
2591
2592
2557
2593
2594
2559
2594
2595
2564
2596
2566
2597
2597
2598
2598
2599
2600
2601
2602
2603
2569
2604
2572
2605
2605
2606
2607
2608
2609
2610
2611
2585
2612
2613
2614
2613
2615
2616
2617
2618
2619
2620
2621
2587
2622
2623
2624
2625
2626
2604
2627
2624
2628
2629
2630
2629
2631
2632
2596
2633
2634
2635
2636
2600
2637
2638
2603
2639
2639
2640
2641
2642
2641
2643
2623
2644
2609
2645
2646
2646
2647
2645
2648
2614
2649
2650
2651
2648
2652
2653
2654
2653
2655
2654
2656
2656
2657
2655
2658
2657
2659
2658
2660
2661
2662
2626
2663
2630
2628
2664
2665
2666
2667
2668
2668
2669
2669
2670
2638
2671
2640
2672
2672
2673
2673
2674
2675
2676
2677
2678
2644
2679
2679
2680
2681
2682
2683
2684
2685
2659
2686
2651
2687
2688
2689
2690
2691
2692
2693
2694
2695
2696
2697
2661
2698
2699
2700
2701
2702
2703
2701
2667
2704
2703
2704
2705
2706
2706
2671
2707
2708
2709
2710
2675
2711
2712
2678
2713
2709
2713
2714
2715
2714
2716
2699
2717
2683
2685
2718
2719
2690
2688
2720
2689
2721
2722
2723
2724
2725
2726
2725
2727
2726
2728
2727
2729
2729
2730
2728
2731
2730
2732
2731
2733
2734
2702
2735
2736
2737
2738
2739
2740
2741
2742
2742
2743
2712
2744
2745
2746
2747
2746
2748
2749
2750
2751
2717
2752
2752
2753
2754
2719
2755
2756
2732
2757
2722
2758
2759
2760
2761
2755
2761
2734
2762
2736
2763
2764
2765
2739
2765
2740
2766
2742
2767
2744
2768
2769
2747
2770
2771
2772
2749
2773
2774
2751
2775
2776
2777
2776
2778
2762
2779
2780
2780
2781
2759
2760
2782
2783
2784
2785
2764
2786
2787
2788
2789
2768
2788
2790
2774
2791
2775
2792
2793
2794
2792
2793
2794
2795
2796
2797
2798
2779
2799
2799
2800
2801
2802
2783
2803
2804
2805
2801
2805
2806
2789
2806
2807
2808
2791
2809
2810
2811
2812
2813
2796
2814
2815
2798
2816
2817
2817
2818
2819
2804
2820
2821
2822
2808
2809
2823
2824
2825
2826
2816
2827
2827
2828
2828
2829
2829
2830
2825
2830
2831
2832
2819
2833
2834
2835
2833
2835
2836
2836
2837
2826
2837
2838
2839
2840
2841
2842
2843
2832
2844
2845
2845
2846
2847
2848
2849
2839
2850
2851
2844
2852
2852
2853
2853
2854
2854
2855
2856
2857
2856
2858
2851
2858
2859
2860
2861
2862
2859
2863
2864
2865
2866
2867
2861
2868
2869
2870
2870
2871
2865
2869
2868
2872
2873
2874
2872
2875
2874
2876
2876
2877
)


// ************************************************************************* //
