/*--------------------------------*- C++ -*----------------------------------*\
  =========                 |
  \\      /  F ield         | OpenFOAM: The Open Source CFD Toolbox
   \\    /   O peration     | Website:  https://openfoam.org
    \\  /    A nd           | Version:  7
     \\/     M anipulation  |
\*---------------------------------------------------------------------------*/
FoamFile
{
    version     2.0;
    format      ascii;
    class       labelList;
    note        "nPoints:3048  nCells:2878  nFaces:10157  nInternalFaces:4233";
    location    "0.01/polyMesh";
    object      owner;
}
// * * * * * * * * * * * * * * * * * * * * * * * * * * * * * * * * * * * * * //


10157
(
0
1
1
2
2
3
3
4
5
5
6
7
8
9
9
10
10
11
11
12
12
13
13
14
15
16
17
18
19
19
20
20
21
21
22
22
23
23
24
24
25
25
26
27
28
29
30
31
32
33
33
34
34
35
35
36
36
37
37
38
38
39
39
40
40
41
42
42
43
44
45
46
47
48
49
50
50
51
51
52
52
53
53
54
54
55
55
56
56
57
57
58
58
59
59
60
61
62
63
64
64
65
66
66
67
68
69
70
71
72
73
73
74
74
75
75
76
76
77
77
78
78
79
79
80
80
81
82
82
83
84
84
85
86
87
88
89
90
91
92
92
93
93
94
94
95
96
96
97
98
99
100
101
101
102
102
103
103
104
104
105
105
106
106
107
107
108
108
109
109
110
110
111
112
113
113
114
115
116
117
118
119
120
121
122
122
123
123
124
125
125
126
127
127
128
129
130
131
131
132
132
133
133
134
134
135
135
136
136
137
137
138
139
140
140
141
141
142
142
143
143
144
145
145
146
147
148
149
150
151
152
153
154
154
155
155
156
157
157
158
158
159
160
161
161
162
163
164
164
165
165
166
166
167
167
168
168
169
169
170
170
171
171
172
173
174
174
175
175
176
176
177
177
178
179
179
180
180
181
182
183
184
185
186
187
188
189
190
190
191
191
192
193
194
195
195
196
196
197
198
199
199
200
201
202
202
203
203
204
204
205
205
206
206
207
207
208
208
209
209
210
211
212
213
213
214
214
215
215
216
216
217
217
218
218
219
220
220
221
222
223
224
225
226
227
228
229
230
230
231
231
232
233
234
235
236
236
237
237
238
239
240
240
241
242
243
243
244
244
245
245
246
246
247
247
248
248
249
249
250
250
251
251
252
253
254
254
255
255
256
256
257
257
258
258
259
260
260
261
261
262
262
263
264
264
265
266
267
268
269
270
271
272
273
274
274
275
275
276
276
277
278
279
280
281
282
282
283
284
284
285
286
287
287
288
289
290
290
291
291
292
292
293
293
294
294
295
296
296
297
297
298
298
299
300
301
302
302
303
303
304
304
305
305
306
306
307
307
308
309
309
310
310
311
311
312
313
314
314
315
316
317
318
319
320
320
321
322
323
323
324
324
325
325
326
326
327
328
329
330
331
332
333
333
334
335
335
336
337
338
338
339
340
341
341
342
342
343
343
344
344
345
345
346
346
347
348
348
349
349
350
351
352
353
354
355
355
356
356
357
357
358
358
359
359
360
360
361
361
362
362
363
364
364
365
366
366
367
368
369
370
371
372
373
373
374
375
375
376
376
377
377
378
378
379
379
380
381
382
383
384
385
386
387
387
388
388
389
390
391
392
392
393
394
394
395
395
396
396
397
397
398
398
399
399
400
400
401
402
402
403
404
405
406
407
408
409
409
410
410
411
411
412
412
413
413
414
414
415
415
416
416
417
417
418
418
419
420
420
421
422
423
424
425
426
427
428
428
429
430
430
431
431
432
432
433
433
434
434
435
435
436
437
438
439
440
441
441
442
443
444
445
445
446
446
447
448
449
449
450
451
452
452
453
453
454
454
455
455
456
456
457
457
458
458
459
460
460
461
462
463
464
465
466
467
468
468
469
469
470
470
471
471
472
472
473
473
474
474
475
475
476
476
477
477
478
478
479
479
480
481
481
482
483
484
485
486
487
488
489
489
490
491
491
492
492
493
493
494
494
495
495
496
496
497
497
498
498
499
500
501
502
503
504
505
506
507
508
509
509
510
511
512
512
513
514
515
515
516
516
517
517
518
518
519
519
520
520
521
521
522
523
524
525
525
526
527
528
529
530
531
532
532
533
533
534
534
535
535
536
537
537
538
538
539
540
540
541
541
542
542
543
543
544
544
545
546
546
547
547
548
549
550
551
552
553
554
554
555
556
556
557
557
558
558
559
560
560
561
561
562
562
563
563
564
564
565
565
566
567
568
569
570
570
571
572
572
573
574
575
576
577
577
578
579
580
581
582
583
583
584
584
585
585
586
586
587
587
588
588
589
589
590
591
592
593
593
594
594
595
596
597
598
599
600
601
601
602
603
603
604
604
605
605
606
607
607
608
608
609
609
610
611
611
612
612
613
613
614
614
615
615
616
617
617
618
618
619
620
621
622
623
624
625
625
626
627
627
628
628
629
629
630
631
631
632
632
633
633
634
635
635
636
636
637
637
638
639
640
641
642
642
643
644
645
645
646
647
648
649
650
650
651
652
653
654
655
656
656
657
657
658
658
659
659
660
660
661
661
662
662
663
664
665
666
666
667
667
668
669
670
671
672
673
674
674
675
676
676
677
677
678
678
679
680
680
681
681
682
682
683
683
684
685
685
686
686
687
687
688
688
689
689
690
691
691
692
692
693
694
695
696
697
698
699
699
700
701
701
702
702
703
703
704
705
705
706
706
707
707
708
708
709
709
710
710
711
711
712
712
713
714
714
715
716
717
718
718
719
720
721
722
722
723
724
725
726
727
727
728
729
729
730
731
732
733
733
734
734
735
735
736
736
737
737
738
738
739
739
740
741
742
743
743
744
744
745
746
747
748
749
749
750
751
752
753
753
754
755
756
756
757
757
758
758
759
760
760
761
761
762
762
763
763
764
764
765
766
766
767
767
768
769
770
770
771
772
772
773
773
774
775
776
777
778
779
780
781
781
782
783
783
784
784
785
785
786
787
787
788
788
789
789
790
790
791
792
792
793
794
794
795
795
796
796
797
797
798
799
800
801
802
802
803
804
805
805
806
807
807
808
809
810
811
812
812
813
813
814
815
816
816
817
819
820
820
821
821
822
822
823
823
824
824
825
825
826
827
828
829
829
830
830
831
832
833
834
835
835
836
836
837
838
839
839
840
841
842
842
843
843
844
844
845
845
846
847
847
848
848
849
850
850
851
851
852
852
853
853
854
855
855
856
856
857
858
859
859
860
860
863
864
865
866
867
868
869
869
870
871
871
872
872
873
873
874
875
875
876
876
877
877
878
878
879
880
880
881
882
882
883
883
884
884
885
886
887
888
889
890
890
891
892
893
893
894
895
896
897
897
898
899
899
900
900
901
901
904
904
905
905
906
906
907
907
908
908
909
909
910
910
911
912
913
914
914
915
915
916
917
918
919
920
920
921
921
922
923
924
925
925
926
926
927
928
929
929
930
930
931
931
932
932
933
934
934
935
935
936
937
938
938
939
940
940
941
941
942
942
943
944
945
946
947
948
949
950
951
952
952
953
954
954
955
955
956
956
957
958
958
959
959
960
960
961
961
962
963
963
964
965
965
966
966
967
967
968
968
969
970
971
972
973
974
975
975
976
977
978
978
979
979
980
981
982
982
983
984
985
985
986
986
987
987
988
988
989
989
990
990
991
991
992
992
993
993
994
995
996
997
997
998
999
1000
1000
1001
1002
1003
1003
1004
1004
1005
1006
1007
1008
1009
1009
1010
1010
1011
1012
1013
1013
1014
1014
1015
1015
1016
1016
1017
1018
1018
1019
1019
1020
1020
1021
1022
1023
1024
1025
1025
1026
1026
1027
1027
1028
1029
1030
1031
1032
1033
1034
1035
1036
1037
1037
1038
1039
1039
1040
1040
1041
1041
1042
1042
1043
1043
1044
1044
1045
1045
1046
1046
1047
1048
1048
1049
1050
1050
1051
1052
1052
1053
1053
1054
1054
1055
1056
1057
1058
1059
1060
1061
1061
1062
1063
1063
1064
1065
1065
1066
1067
1068
1069
1069
1070
1071
1072
1072
1073
1073
1074
1074
1075
1075
1076
1077
1077
1078
1078
1079
1079
1080
1080
1081
1082
1083
1084
1085
1085
1086
1087
1088
1088
1089
1090
1091
1091
1092
1092
1093
1094
1095
1096
1097
1097
1098
1098
1099
1100
1101
1101
1102
1102
1103
1103
1104
1104
1105
1105
1106
1106
1107
1107
1108
1109
1110
1110
1111
1112
1112
1113
1113
1114
1114
1115
1116
1117
1117
1118
1119
1120
1121
1122
1123
1123
1124
1125
1125
1126
1126
1127
1127
1128
1129
1129
1130
1130
1131
1131
1132
1132
1133
1133
1134
1135
1135
1136
1137
1137
1138
1138
1139
1139
1140
1140
1141
1141
1142
1142
1143
1144
1144
1145
1146
1147
1148
1149
1149
1150
1151
1152
1152
1153
1153
1154
1154
1155
1156
1157
1157
1158
1159
1160
1161
1162
1162
1163
1163
1164
1165
1165
1166
1166
1167
1167
1168
1169
1169
1170
1171
1172
1173
1174
1174
1175
1176
1177
1178
1178
1179
1180
1180
1181
1181
1182
1183
1183
1184
1185
1186
1187
1188
1189
1189
1190
1191
1191
1192
1193
1194
1194
1195
1196
1196
1197
1197
1198
1198
1199
1199
1200
1200
1201
1201
1202
1203
1204
1204
1205
1205
1206
1207
1208
1208
1209
1210
1210
1211
1212
1213
1213
1214
1215
1216
1217
1218
1218
1219
1220
1220
1221
1221
1222
1222
1223
1224
1224
1225
1225
1226
1226
1227
1228
1228
1229
1229
1230
1230
1231
1231
1232
1232
1233
1233
1234
1234
1235
1235
1236
1236
1237
1237
1238
1238
1239
1239
1240
1241
1241
1242
1243
1244
1245
1246
1247
1248
1248
1249
1250
1251
1251
1252
1252
1253
1254
1254
1255
1255
1256
1257
1257
1258
1259
1260
1261
1261
1262
1262
1263
1263
1264
1264
1265
1265
1266
1266
1267
1267
1268
1269
1270
1271
1271
1272
1272
1273
1274
1274
1275
1275
1276
1277
1278
1279
1280
1281
1282
1283
1284
1285
1286
1287
1288
1288
1289
1290
1290
1291
1291
1292
1293
1293
1294
1294
1295
1295
1296
1296
1297
1297
1298
1298
1299
1300
1300
1301
1301
1302
1303
1304
1304
1305
1306
1306
1307
1307
1308
1309
1309
1311
1311
1312
1313
1314
1315
1316
1317
1318
1319
1319
1320
1321
1321
1322
1323
1323
1324
1324
1325
1325
1326
1327
1327
1328
1329
1329
1330
1330
1331
1332
1332
1333
1333
1334
1334
1335
1335
1336
1336
1337
1337
1338
1338
1339
1339
1340
1341
1341
1342
1342
1343
1344
1345
1346
1346
1347
1348
1349
1350
1351
1351
1352
1353
1354
1354
1355
1355
1356
1356
1358
1358
1359
1360
1361
1361
1362
1362
1363
1363
1364
1364
1365
1365
1366
1367
1367
1368
1368
1369
1369
1370
1371
1372
1373
1374
1374
1375
1375
1376
1377
1378
1378
1381
1382
1382
1383
1384
1385
1386
1387
1388
1389
1390
1391
1392
1392
1393
1394
1395
1395
1396
1396
1397
1398
1398
1399
1400
1401
1402
1402
1403
1403
1404
1404
1405
1406
1407
1407
1409
1410
1410
1411
1412
1412
1413
1413
1414
1415
1415
1416
1417
1418
1419
1420
1421
1421
1422
1423
1423
1424
1425
1426
1426
1427
1427
1429
1429
1430
1431
1431
1432
1433
1433
1434
1435
1435
1436
1436
1437
1437
1438
1438
1439
1439
1440
1440
1441
1441
1442
1442
1443
1443
1444
1445
1446
1447
1447
1448
1449
1450
1450
1451
1452
1452
1453
1453
1454
1455
1455
1456
1457
1457
1458
1459
1460
1461
1462
1462
1463
1464
1464
1465
1466
1466
1467
1467
1468
1469
1470
1470
1471
1471
1472
1473
1473
1474
1476
1480
1483
1484
1485
1486
1486
1487
1487
1488
1488
1489
1490
1490
1491
1492
1492
1493
1494
1495
1495
1496
1496
1497
1497
1498
1499
1500
1501
1501
1502
1502
1503
1504
1504
1505
1505
1506
1508
1511
1514
1514
1515
1515
1516
1517
1518
1519
1519
1520
1520
1521
1521
1522
1522
1523
1524
1524
1525
1525
1526
1526
1527
1528
1529
1530
1530
1531
1532
1533
1533
1534
1535
1536
1537
1537
1538
1539
1539
1540
1541
1542
1543
1544
1545
1546
1546
1547
1547
1548
1549
1550
1551
1551
1552
1553
1553
1554
1554
1555
1556
1557
1557
1558
1558
1559
1560
1561
1561
1562
1562
1563
1563
1564
1564
1565
1566
1567
1567
1568
1568
1569
1569
1570
1570
1571
1571
1572
1573
1573
1574
1574
1575
1576
1577
1577
1578
1578
1579
1579
1580
1581
1582
1582
1583
1583
1584
1585
1585
1586
1587
1588
1589
1590
1591
1591
1592
1593
1594
1595
1595
1596
1596
1597
1598
1599
1600
1600
1601
1602
1603
1604
1604
1605
1605
1606
1606
1607
1608
1608
1609
1610
1610
1611
1612
1612
1613
1613
1614
1615
1616
1616
1617
1617
1618
1619
1620
1620
1621
1621
1622
1622
1623
1623
1624
1625
1626
1627
1627
1628
1628
1629
1629
1630
1631
1631
1632
1633
1633
1634
1635
1635
1636
1637
1638
1638
1639
1639
1640
1640
1641
1642
1642
1643
1644
1644
1645
1645
1646
1647
1647
1648
1649
1649
1650
1650
1651
1652
1653
1653
1654
1655
1656
1657
1657
1658
1658
1659
1660
1661
1661
1662
1662
1663
1664
1665
1666
1667
1667
1668
1668
1669
1669
1670
1671
1671
1672
1673
1674
1674
1675
1676
1676
1677
1678
1679
1679
1680
1681
1681
1682
1683
1684
1684
1685
1685
1686
1686
1687
1688
1689
1690
1691
1691
1692
1692
1693
1694
1694
1695
1695
1696
1697
1697
1698
1699
1699
1700
1701
1702
1702
1703
1703
1704
1704
1705
1705
1706
1707
1707
1708
1709
1709
1710
1711
1711
1712
1712
1713
1714
1714
1715
1716
1717
1717
1718
1719
1720
1721
1721
1722
1722
1723
1724
1725
1725
1726
1726
1727
1728
1729
1730
1730
1731
1731
1732
1732
1733
1733
1734
1735
1736
1736
1737
1738
1738
1739
1739
1740
1741
1741
1742
1743
1744
1744
1745
1746
1746
1747
1748
1748
1749
1749
1750
1750
1751
1751
1752
1753
1754
1755
1755
1756
1757
1758
1759
1759
1760
1761
1761
1762
1763
1764
1764
1765
1766
1767
1767
1768
1768
1769
1770
1770
1771
1771
1772
1773
1773
1774
1774
1775
1775
1776
1777
1777
1778
1778
1779
1780
1781
1782
1782
1783
1784
1785
1785
1786
1786
1787
1787
1788
1788
1790
1791
1791
1792
1793
1794
1795
1795
1796
1797
1797
1798
1798
1799
1800
1800
1801
1802
1803
1803
1804
1804
1805
1805
1806
1807
1808
1809
1810
1810
1811
1812
1812
1813
1814
1814
1815
1815
1816
1816
1817
1817
1818
1819
1820
1821
1821
1822
1823
1824
1824
1825
1826
1826
1827
1827
1828
1829
1830
1830
1831
1832
1833
1833
1834
1834
1835
1835
1836
1837
1838
1838
1839
1839
1840
1840
1841
1841
1842
1843
1843
1844
1844
1845
1846
1847
1848
1848
1849
1850
1851
1851
1852
1852
1853
1853
1854
1855
1856
1856
1857
1858
1859
1860
1860
1861
1862
1862
1863
1863
1864
1864
1865
1866
1866
1867
1868
1869
1869
1870
1870
1871
1872
1873
1874
1874
1875
1876
1877
1877
1878
1878
1879
1879
1880
1881
1881
1882
1882
1883
1883
1884
1884
1885
1886
1887
1888
1888
1889
1890
1891
1891
1892
1893
1893
1894
1895
1895
1896
1897
1897
1898
1899
1900
1901
1901
1902
1903
1903
1904
1905
1905
1906
1906
1907
1907
1908
1908
1909
1909
1910
1911
1912
1912
1913
1913
1914
1915
1916
1917
1917
1918
1918
1919
1920
1920
1921
1921
1922
1922
1923
1924
1924
1925
1925
1926
1927
1928
1929
1929
1930
1931
1932
1932
1933
1933
1934
1934
1935
1936
1936
1937
1937
1938
1939
1940
1940
1941
1942
1943
1944
1945
1946
1947
1947
1948
1948
1949
1950
1950
1951
1952
1952
1953
1953
1954
1954
1955
1955
1956
1957
1958
1959
1960
1961
1962
1962
1963
1964
1964
1965
1965
1966
1967
1968
1969
1969
1970
1971
1972
1972
1973
1974
1974
1975
1975
1976
1976
1977
1977
1978
1978
1979
1979
1980
1980
1981
1981
1982
1983
1984
1984
1985
1986
1987
1988
1988
1989
1989
1990
1991
1991
1992
1992
1993
1993
1994
1994
1995
1996
1996
1997
1998
1999
2000
2000
2001
2001
2002
2002
2003
2004
2004
2005
2005
2006
2007
2007
2008
2009
2009
2010
2011
2012
2013
2014
2015
2016
2017
2017
2018
2018
2019
2020
2021
2021
2022
2022
2023
2023
2024
2024
2025
2026
2027
2027
2028
2029
2031
2032
2032
2033
2034
2034
2035
2036
2037
2038
2038
2039
2039
2040
2041
2042
2043
2043
2044
2045
2045
2046
2046
2047
2047
2048
2048
2049
2049
2050
2050
2051
2051
2052
2053
2053
2054
2054
2055
2056
2056
2058
2058
2059
2060
2060
2061
2061
2062
2063
2063
2064
2065
2066
2066
2067
2067
2068
2068
2069
2070
2071
2072
2072
2073
2073
2074
2075
2076
2076
2077
2078
2078
2079
2080
2080
2081
2082
2082
2083
2084
2085
2086
2086
2087
2088
2089
2090
2091
2091
2092
2092
2093
2094
2094
2095
2096
2096
2097
2098
2098
2099
2099
2100
2100
2101
2102
2103
2104
2105
2106
2106
2107
2108
2108
2109
2110
2110
2111
2112
2112
2113
2113
2114
2115
2116
2116
2117
2117
2118
2119
2119
2120
2120
2121
2121
2122
2122
2123
2124
2124
2125
2125
2126
2127
2128
2129
2130
2130
2131
2131
2132
2133
2133
2134
2134
2135
2136
2136
2137
2137
2138
2139
2139
2140
2140
2141
2141
2142
2143
2144
2145
2145
2146
2146
2147
2147
2148
2149
2149
2150
2151
2151
2152
2152
2153
2154
2155
2155
2156
2157
2158
2159
2160
2160
2161
2162
2162
2163
2163
2164
2164
2165
2165
2166
2166
2167
2168
2169
2169
2170
2171
2171
2172
2172
2173
2174
2175
2176
2177
2178
2179
2179
2180
2180
2181
2182
2183
2184
2185
2186
2186
2187
2188
2188
2189
2190
2190
2191
2192
2192
2193
2193
2194
2194
2195
2195
2196
2197
2197
2198
2198
2199
2200
2200
2201
2202
2203
2203
2204
2205
2205
2206
2207
2207
2208
2208
2209
2210
2210
2211
2211
2212
2213
2213
2214
2214
2215
2215
2216
2217
2218
2218
2219
2219
2220
2221
2222
2222
2223
2224
2224
2225
2226
2226
2227
2227
2228
2229
2229
2230
2231
2232
2233
2234
2235
2235
2236
2237
2238
2238
2239
2239
2240
2240
2241
2241
2242
2242
2243
2244
2245
2246
2246
2247
2247
2248
2249
2250
2251
2252
2253
2254
2254
2255
2255
2256
2257
2258
2258
2259
2260
2260
2261
2261
2262
2262
2263
2264
2265
2266
2266
2267
2268
2269
2269
2270
2270
2271
2271
2272
2272
2273
2273
2274
2275
2275
2276
2277
2277
2278
2279
2280
2280
2281
2282
2282
2283
2283
2284
2284
2285
2286
2286
2287
2287
2288
2289
2289
2290
2290
2291
2291
2292
2293
2293
2294
2294
2295
2295
2296
2296
2297
2297
2298
2299
2299
2300
2301
2301
2302
2303
2303
2304
2304
2305
2305
2306
2307
2308
2308
2309
2310
2311
2312
2313
2314
2314
2315
2316
2317
2317
2318
2318
2319
2319
2320
2320
2321
2322
2323
2324
2325
2325
2326
2326
2327
2328
2329
2330
2331
2332
2333
2333
2334
2334
2335
2336
2337
2338
2339
2340
2340
2341
2341
2342
2343
2344
2345
2346
2346
2347
2348
2349
2349
2350
2351
2351
2352
2352
2353
2353
2354
2355
2356
2356
2357
2357
2358
2359
2360
2360
2361
2362
2362
2363
2363
2364
2365
2365
2366
2367
2367
2368
2369
2369
2370
2370
2371
2371
2372
2372
2373
2374
2374
2375
2375
2376
2376
2377
2378
2379
2379
2380
2380
2381
2382
2382
2383
2383
2384
2384
2385
2385
2386
2386
2387
2388
2389
2389
2390
2391
2391
2392
2392
2393
2394
2395
2396
2397
2397
2398
2398
2399
2399
2400
2400
2401
2402
2403
2404
2405
2405
2406
2406
2407
2408
2409
2410
2411
2412
2413
2413
2414
2414
2415
2416
2417
2417
2418
2419
2420
2420
2421
2421
2422
2423
2424
2425
2426
2427
2427
2428
2429
2430
2431
2431
2432
2433
2433
2434
2434
2435
2435
2436
2436
2437
2437
2438
2439
2440
2441
2441
2442
2443
2443
2444
2444
2445
2446
2446
2447
2447
2448
2448
2449
2450
2450
2451
2452
2452
2453
2453
2454
2455
2455
2456
2456
2457
2457
2458
2458
2459
2459
2460
2461
2461
2462
2463
2463
2464
2464
2465
2465
2466
2466
2467
2467
2468
2468
2469
2470
2471
2471
2472
2472
2473
2474
2474
2475
2476
2477
2477
2478
2479
2479
2480
2480
2481
2481
2482
2482
2483
2484
2485
2486
2487
2488
2488
2489
2490
2496
2496
2497
2497
2498
2499
2500
2501
2502
2503
2503
2504
2504
2505
2506
2507
2508
2509
2510
2511
2511
2512
2513
2513
2514
2515
2516
2516
2517
2518
2518
2519
2519
2520
2521
2521
2522
2523
2524
2525
2525
2526
2527
2527
2528
2528
2529
2530
2530
2532
2533
2534
2534
2535
2535
2536
2536
2537
2537
2538
2538
2539
2540
2540
2541
2542
2542
2543
2543
2544
2544
2545
2545
2546
2546
2547
2547
2548
2548
2549
2550
2550
2551
2552
2552
2553
2553
2554
2555
2556
2556
2557
2558
2558
2559
2560
2560
2561
2561
2562
2562
2563
2563
2564
2565
2566
2567
2568
2569
2570
2570
2571
2571
2572
2573
2574
2575
2576
2577
2577
2578
2578
2579
2579
2580
2581
2582
2583
2584
2585
2586
2586
2587
2588
2588
2589
2590
2590
2591
2591
2592
2592
2593
2593
2594
2595
2595
2596
2597
2598
2599
2599
2600
2601
2601
2602
2602
2603
2605
2606
2606
2607
2607
2608
2608
2609
2610
2610
2611
2611
2612
2612
2613
2614
2615
2615
2616
2616
2617
2617
2618
2618
2619
2619
2620
2620
2621
2621
2622
2622
2623
2624
2625
2625
2626
2627
2628
2629
2630
2631
2631
2632
2632
2633
2633
2634
2634
2635
2635
2636
2636
2637
2637
2638
2639
2640
2641
2642
2642
2643
2643
2644
2645
2646
2647
2648
2649
2649
2650
2650
2651
2652
2652
2653
2654
2655
2656
2657
2658
2659
2660
2660
2661
2662
2662
2663
2663
2664
2665
2665
2666
2666
2667
2668
2669
2670
2670
2671
2672
2673
2674
2674
2675
2676
2676
2677
2677
2678
2679
2680
2680
2681
2681
2682
2682
2683
2684
2685
2686
2686
2687
2687
2688
2689
2690
2691
2691
2692
2692
2693
2693
2694
2694
2695
2695
2696
2696
2697
2697
2698
2698
2699
2700
2700
2701
2702
2703
2704
2705
2705
2706
2707
2707
2708
2708
2709
2710
2710
2711
2711
2712
2713
2714
2715
2715
2716
2716
2717
2718
2718
2719
2720
2720
2721
2721
2722
2723
2723
2724
2724
2733
2734
2735
2735
2737
2737
2738
2738
2739
2740
2741
2741
2743
2743
2744
2745
2745
2746
2747
2748
2748
2749
2750
2750
2751
2752
2753
2753
2754
2754
2755
2756
2756
2757
2758
2758
2759
2760
2761
2763
2764
2765
2766
2766
2767
2767
2768
2769
2769
2770
2770
2771
2771
2772
2772
2773
2773
2774
2775
2776
2777
2777
2778
2778
2780
2781
2782
2782
2784
2784
2785
2785
2786
2787
2787
2788
2789
2790
2790
2791
2792
2793
2794
2795
2795
2796
2797
2797
2798
2800
2801
2802
2803
2804
2805
2806
2807
2807
2808
2809
2810
2810
2811
2811
2812
2812
2813
2813
2814
2814
2815
2815
2816
2817
2818
2818
2819
2820
2821
2821
2822
2823
2823
2824
2824
2825
2826
2827
2828
2829
2830
2831
2831
2833
2834
2834
2835
2836
2837
2838
2838
2839
2840
2840
2841
2841
2842
2842
2843
2843
2845
2846
2847
2848
2849
2849
2850
2850
2851
2854
2855
2855
2856
2857
2858
2859
2860
2860
2861
2862
2863
2863
2864
2866
2867
2867
2868
2869
2871
2872
2873
2873
2875
2875
2353
2353
123
123
21
21
2389
2389
1673
1673
473
473
2264
2264
1771
1771
58
58
128
128
28
28
1806
1806
849
849
928
928
2186
2186
45
45
1188
1188
1817
1817
1293
1293
709
709
1708
1708
840
840
936
936
176
176
1831
1831
2227
2227
1774
1774
158
158
384
384
304
304
505
505
1540
1540
380
380
2702
2702
2190
2190
1704
1704
1639
1639
217
217
1264
1264
1110
1110
926
926
2392
2392
1707
1707
2430
2430
1867
1867
2434
2434
1410
1410
385
385
1592
1592
108
108
1979
1979
1976
1976
883
883
190
190
1741
1741
1784
1784
1671
1671
1438
1438
606
606
1054
1054
1141
1141
33
33
1447
1447
841
841
1098
1098
608
608
982
982
923
923
2099
2099
2223
2223
1849
1849
22
22
2081
2081
1339
1339
93
93
210
210
882
882
2743
2743
672
672
36
36
1345
1345
1504
1504
678
678
1257
1257
1500
1500
1883
1883
2092
2092
475
475
712
712
839
839
1528
1528
1902
1902
159
159
354
354
2017
2017
66
66
1807
1807
1216
1216
2299
2299
1569
1569
1491
1491
1737
1737
358
358
842
842
1443
1443
2012
2012
2010
2010
359
359
1726
1726
884
884
1672
1672
1541
1541
2475
2475
1151
1151
713
713
570
570
1112
1112
2008
2008
1055
1055
886
886
238
238
1740
1740
1456
1456
1011
1011
2135
2135
1982
1982
2130
2130
716
716
2118
2118
25
25
539
539
2245
2245
1064
1064
1451
1451
644
644
1484
1484
1395
1395
2053
2053
796
796
609
609
2261
2261
460
460
1787
1787
1990
1990
233
233
335
335
1022
1022
79
79
1890
1890
1457
1457
1975
1975
361
361
251
251
386
386
1390
1390
2768
2768
574
574
1305
1305
1068
1068
838
838
675
675
1537
1537
55
55
947
947
2044
2044
2283
2283
2265
2265
1948
1948
1800
1800
381
381
927
927
1754
1754
846
846
1009
1009
2650
2650
2421
2421
2613
2613
1137
1137
646
646
1497
1497
2024
2024
1108
1108
2349
2349
906
906
430
430
1819
1819
794
794
1989
1989
1703
1703
1153
1153
1460
1460
2011
2011
234
234
2462
2462
2518
2518
213
213
2382
2382
1034
1034
2790
2790
155
155
1676
1676
485
485
752
752
337
337
230
230
1288
1288
2134
2134
2054
2054
218
218
69
69
173
173
2023
2023
323
323
525
525
925
925
572
572
258
258
2422
2422
456
456
991
991
2062
2062
1204
1204
1503
1503
1884
1884
935
935
1094
1094
356
356
1978
1978
527
527
96
96
1735
1735
1450
1450
710
710
946
946
1657
1657
214
214
1805
1805
2059
2059
2171
2171
2090
2090
2031
2031
327
327
2555
2555
13
13
1911
1911
1833
1833
2049
2049
278
278
2356
2356
1852
1852
1919
1919
2355
2355
971
971
2809
2809
905
905
57
57
1630
1630
1355
1355
981
981
2058
2058
2013
2013
1581
1581
2485
2485
1358
1358
977
977
1237
1237
2522
2522
2391
2391
1013
1013
1440
1440
2342
2342
15
15
967
967
797
797
777
777
1099
1099
1841
1841
1138
1138
2308
2308
99
99
1877
1877
1689
1689
1836
1836
1398
1398
1050
1050
1662
1662
1885
1885
795
795
2314
2314
736
736
219
219
2402
2402
2087
2087
436
436
1157
1157
1611
1611
2703
2703
2480
2480
1308
1308
755
755
2154
2154
2578
2578
2504
2504
2521
2521
641
641
2687
2687
550
550
2393
2393
2208
2208
2162
2162
754
754
1925
1925
1843
1843
2401
2401
1406
1406
1019
1019
1243
1243
474
474
1359
1359
2009
2009
2433
2433
565
565
426
426
941
941
303
303
1875
1875
2310
2310
1097
1097
237
237
1866
1866
1189
1189
2362
2362
1974
1974
1552
1552
193
193
2541
2541
1361
1361
122
122
398
398
1485
1485
1095
1095
2275
2275
1650
1650
2341
2341
1444
1444
191
191
2445
2445
904
904
408
408
937
937
2235
2235
2271
2271
516
516
2397
2397
1441
1441
1400
1400
596
596
696
696
2474
2474
10
10
1158
1158
798
798
507
507
1579
1579
1721
1721
1851
1851
174
174
1640
1640
1959
1959
1612
1612
2599
2599
611
611
467
467
349
349
71
71
1017
1017
2300
2300
371
371
1871
1871
2168
2168
750
750
2444
2444
2246
2246
2639
2639
1238
1238
660
660
1768
1768
2196
2196
2523
2523
568
568
1393
1393
1035
1035
1530
1530
1609
1609
1205
1205
2443
2443
753
753
1905
1905
1502
1502
2347
2347
623
623
2206
2206
2068
2068
346
346
1955
1955
77
77
94
94
341
341
16
16
1901
1901
2633
2633
2606
2606
2603
2603
2461
2461
2354
2354
1065
1065
240
240
2534
2534
1121
1121
1659
1659
1489
1489
2572
2572
2600
2600
1654
1654
2315
2315
2579
2579
561
561
239
239
586
586
477
477
196
196
2197
2197
2394
2394
648
648
1041
1041
1855
1855
1752
1752
588
588
2312
2312
1655
1655
2602
2602
2861
2861
965
965
2527
2527
110
110
2387
2387
2643
2643
2236
2236
274
274
383
383
2481
2481
2309
2309
2723
2723
1549
1549
2164
2164
2503
2503
357
357
1006
1006
48
48
2615
2615
1608
1608
2571
2571
990
990
2510
2510
2104
2104
1493
1493
1192
1192
2669
2669
2607
2607
1144
1144
2564
2564
1629
1629
2709
2709
848
848
2601
2601
1597
1597
2388
2388
1078
1078
1163
1163
2565
2565
2
2
2278
2278
597
597
2588
2588
2121
2121
2398
2398
1705
1705
156
156
2872
2872
2205
2205
84
84
2294
2294
1801
1801
1627
1627
1904
1904
1165
1165
161
161
2563
2563
197
197
2516
2516
897
897
1496
1496
1030
1030
2307
2307
1578
1578
442
442
1052
1052
2427
2427
2737
2737
141
141
64
64
978
978
951
951
2014
2014
1534
1534
1940
1940
1538
1538
1994
1994
98
98
2255
2255
2567
2567
111
111
2233
2233
242
242
2437
2437
987
987
2689
2689
2705
2705
2547
2547
1623
1623
950
950
2700
2700
2807
2807
1453
1453
315
315
1692
1692
2094
2094
1488
1488
2165
2165
2319
2319
2375
2375
647
647
2269
2269
2570
2570
2061
2061
418
418
2240
2240
1840
1840
112
112
1307
1307
2471
2471
2745
2745
82
82
2439
2439
949
949
1066
1066
1563
1563
1190
1190
1084
1084
2304
2304
551
551
2282
2282
639
639
676
676
1521
1521
1458
1458
585
585
594
594
2335
2335
1063
1063
1750
1750
2868
2868
645
645
2528
2528
236
236
2476
2476
437
437
1596
1596
934
934
2526
2526
2131
2131
2050
2050
81
81
2423
2423
83
83
2506
2506
910
910
124
124
722
722
997
997
2560
2560
1850
1850
2093
2093
2018
2018
298
298
1977
1977
126
126
316
316
1306
1306
638
638
708
708
1947
1947
2019
2019
1042
1042
1803
1803
909
909
1101
1101
1249
1249
277
277
2123
2123
502
502
2428
2428
1026
1026
509
509
2003
2003
2241
2241
2823
2823
2751
2751
2292
2292
2359
2359
1107
1107
2160
2160
19
19
979
979
11
11
2169
2169
2028
2028
177
177
2784
2784
270
270
642
642
575
575
2194
2194
999
999
2787
2787
2385
2385
2117
2117
1625
1625
892
892
1145
1145
1501
1501
1031
1031
1622
1622
2631
2631
1250
1250
2128
2128
412
412
1686
1686
2429
2429
1008
1008
447
447
1532
1532
445
445
330
330
538
538
261
261
2317
2317
2464
2464
907
907
4
4
2253
2253
290
290
39
39
2543
2543
222
222
2869
2869
56
56
1937
1937
2348
2348
1239
1239
1353
1353
2158
2158
1347
1347
113
113
212
212
2098
2098
266
266
235
235
1119
1119
1906
1906
1738
1738
1020
1020
215
215
2345
2345
1785
1785
1944
1944
635
635
764
764
579
579
2776
2776
1469
1469
1455
1455
2363
2363
2662
2662
2479
2479
1280
1280
1105
1105
2624
2624
413
413
1090
1090
146
146
1755
1755
1835
1835
2379
2379
2076
2076
85
85
70
70
2386
2386
2120
2120
1941
1941
2038
2038
1889
1889
2553
2553
163
163
2107
2107
517
517
1212
1212
1595
1595
247
247
1303
1303
2764
2764
2478
2478
1868
1868
2507
2507
279
279
511
511
1294
1294
1968
1968
2845
2845
1354
1354
417
417
1253
1253
2140
2140
1209
1209
2580
2580
1142
1142
1412
1412
1694
1694
1499
1499
1624
1624
1724
1724
262
262
202
202
1286
1286
966
966
2585
2585
2207
2207
536
536
924
924
1587
1587
988
988
243
243
1201
1201
1912
1912
1289
1289
2760
2760
195
195
2202
2202
1918
1918
415
415
1088
1088
2623
2623
682
682
1837
1837
2549
2549
2740
2740
2247
2247
2291
2291
615
615
2713
2713
271
271
1
1
1718
1718
2656
2656
2875
2875
2653
2653
2839
2839
542
542
438
438
2658
2658
1149
1149
1167
1167
2415
2415
671
671
2699
2699
2254
2254
2679
2679
1445
1445
1276
1276
2322
2322
2808
2808
2584
2584
2870
2870
569
569
1599
1599
2856
2856
2659
2659
2871
2871
2343
2343
1870
1870
605
605
2752
2752
782
782
2566
2566
555
555
2222
2222
429
429
2320
2320
321
321
1725
1725
2612
2612
2591
2591
470
470
1298
1298
1230
1230
1299
1299
573
573
2467
2467
2722
2722
2340
2340
363
363
1751
1751
305
305
1405
1405
181
181
0
0
2877
2877
2798
2798
939
939
1758
1758
554
554
2113
2113
411
411
1872
1872
602
602
1520
1520
2339
2339
428
428
2066
2066
1038
1038
6
6
409
409
1674
1674
566
566
1942
1942
24
24
1312
1312
781
781
719
719
1214
1214
683
683
1675
1675
2436
2436
2477
2477
567
567
1642
1642
1856
1856
178
178
2544
2544
2176
2176
603
603
320
320
2849
2849
488
488
2232
2232
940
940
184
184
2091
2091
1473
1473
1422
1422
319
319
311
311
2851
2851
1839
1839
958
958
2616
2616
2216
2216
544
544
1816
1816
382
382
2425
2425
532
532
1643
1643
1318
1318
30
30
115
115
1459
1459
1938
1938
2750
2750
387
387
2621
2621
2469
2469
2404
2404
1235
1235
501
501
1024
1024
1790
1790
444
444
1037
1037
254
254
499
499
548
548
2766
2766
2373
2373
2661
2661
410
410
199
199
1822
1822
2109
2109
534
534
933
933
1873
1873
2473
2473
2587
2587
2159
2159
27
27
1067
1067
285
285
679
679
643
643
2234
2234
3
3
2873
2873
293
293
809
809
2715
2715
2357
2357
1199
1199
2825
2825
1446
1446
2424
2424
1769
1769
147
147
2667
2667
2333
2333
2691
2691
652
652
2365
2365
2694
2694
2620
2620
419
419
2696
2696
263
263
2769
2769
1207
1207
2721
2721
1139
1139
2734
2734
2270
2270
1535
1535
640
640
232
232
216
216
2399
2399
802
802
1687
1687
866
866
2814
2814
2697
2697
34
34
302
302
1195
1195
2082
2082
23
23
720
720
2313
2313
2777
2777
221
221
760
760
2390
2390
976
976
2649
2649
2842
2842
2358
2358
2513
2513
2280
2280
2106
2106
1383
1383
577
577
890
890
1046
1046
2759
2759
1943
1943
1564
1564
1804
1804
1558
1558
2045
2045
265
265
1922
1922
2218
2218
2821
2821
2796
2796
1113
1113
1522
1522
986
986
2238
2238
2826
2826
2858
2858
2817
2817
1452
1452
636
636
2142
2142
1924
1924
2303
2303
895
895
1397
1397
1658
1658
724
724
446
446
2618
2618
2413
2413
822
822
2456
2456
989
989
2836
2836
521
521
2180
2180
2185
2185
2693
2693
2692
2692
2617
2617
2771
2771
721
721
2698
2698
820
820
2622
2622
738
738
1820
1820
2812
2812
2754
2754
51
51
2101
2101
2334
2334
1179
1179
332
332
2548
2548
2708
2708
2681
2681
2695
2695
823
823
2496
2496
1166
1166
165
165
2716
2716
2806
2806
969
969
2440
2440
2811
2811
2545
2545
1981
1981
2788
2788
1275
1275
2670
2670
2813
2813
2749
2749
166
166
2778
2778
75
75
2704
2704
2772
2772
1570
1570
2179
2179
824
824
2318
2318
2166
2166
2720
2720
1053
1053
578
578
2384
2384
101
101
59
59
739
739
658
658
2688
2688
78
78
435
435
2057
2057
257
257
355
355
399
399
500
500
1262
1262
1079
1079
656
656
107
107
2831
2831
2710
2710
519
519
1304
1304
1439
1439
167
167
2840
2840
2191
2191
1945
1945
583
583
348
348
292
292
455
455
397
397
476
476
379
379
74
74
458
458
1021
1021
2804
2804
2561
2561
2242
2242
209
209
2625
2625
291
291
433
433
164
164
2782
2782
104
104
1338
1338
296
296
2841
2841
1168
1168
2395
2395
2619
2619
497
497
345
345
131
131
718
718
1874
1874
129
129
2735
2735
1649
1649
130
130
284
284
2551
2551
169
169
1404
1404
2634
2634
2512
2512
2552
2552
2558
2558
734
734
520
520
2486
2486
2465
2465
494
494
105
105
819
819
35
35
1946
1946
2641
2641
1973
1973
2595
2595
2400
2400
2833
2833
1080
1080
1122
1122
2332
2332
2466
2466
168
168
434
434
2344
2344
2837
2837
1770
1770
563
563
208
208
106
106
2060
2060
1688
1688
1407
1407
1565
1565
2195
2195
607
607
2629
2629
171
171
1939
1939
2046
2046
2675
2675
362
362
80
80
2420
2420
1150
1150
684
684
1352
1352
431
431
1200
1200
2188
2188
2122
2122
2193
2193
283
283
2285
2285
2614
2614
2642
2642
2636
2636
2739
2739
1723
1723
1254
1254
619
619
1980
1980
1251
1251
1426
1426
1266
1266
2676
2676
2725
2725
1523
1523
2706
2706
2728
2728
2733
2733
894
894
2779
2779
2835
2835
2729
2729
854
854
2557
2557
1162
1162
2435
2435
1886
1886
1909
1909
2789
2789
2701
2701
2726
2726
185
185
2731
2731
2727
2727
2732
2732
2762
2762
116
116
2800
2800
1356
1356
1244
1244
1566
1566
806
806
198
198
226
226
2730
2730
2799
2799
2783
2783
60
60
896
896
1341
1341
149
149
308
308
2844
2844
145
145
1788
1788
86
86
2757
2757
38
38
553
553
2832
2832
440
440
2051
2051
2381
2381
2852
2852
144
144
621
621
1722
1722
294
294
1086
1086
43
43
2853
2853
331
331
723
723
1385
1385
2562
2562
1202
1202
495
495
2383
2383
2139
2139
803
803
700
700
2268
2268
2665
2665
2073
2073
2803
2803
1529
1529
142
142
1791
1791
1194
1194
1301
1301
2863
2863
281
281
865
865
953
953
2048
2048
996
996
207
207
2405
2405
1714
1714
1062
1062
2820
2820
338
338
2126
2126
1907
1907
109
109
1593
1593
2864
2864
2668
2668
1588
1588
2741
2741
1993
1993
2714
2714
2847
2847
657
657
334
334
1248
1248
453
453
1932
1932
1241
1241
2052
2052
2472
2472
2256
2256
1302
1302
255
255
2765
2765
492
492
1416
1416
850
850
2156
2156
1965
1965
1661
1661
2085
2085
1044
1044
259
259
699
699
2203
2203
2797
2797
2326
2326
1032
1032
1337
1337
689
689
1991
1991
952
952
2110
2110
2417
2417
2517
2517
1267
1267
1903
1903
2258
2258
813
813
2089
2089
1219
1219
264
264
1706
1706
1492
1492
1757
1757
1600
1600
1960
1960
2827
2827
825
825
634
634
2628
2628
1996
1996
449
449
310
310
2718
2718
1116
1116
1073
1073
2143
2143
9
9
137
137
2742
2742
1618
1618
180
180
2172
2172
1954
1954
2470
2470
1821
1821
2677
2677
312
312
1360
1360
160
160
2137
2137
2446
2446
2590
2590
851
851
2828
2828
1693
1693
1786
1786
1834
1834
540
540
307
307
1208
1208
571
571
1910
1910
1023
1023
182
182
2508
2508
685
685
390
390
1256
1256
2815
2815
2805
2805
2284
2284
2876
2876
1057
1057
280
280
2554
2554
1739
1739
1628
1628
1550
1550
17
17
2514
2514
2520
2520
2874
2874
2095
2095
201
201
2859
2859
2532
2532
2366
2366
7
7
2515
2515
395
395
1029
1029
1069
1069
287
287
1291
1291
687
687
1823
1823
391
391
1498
1498
2860
2860
443
443
1956
1956
1719
1719
1487
1487
2489
2489
2866
2866
31
31
1252
1252
2848
2848
2468
2468
2361
2361
2239
2239
2157
2157
714
714
49
49
2822
2822
1218
1218
1300
1300
725
725
439
439
2824
2824
980
980
762
762
1260
1260
2406
2406
2786
2786
250
250
901
901
2350
2350
289
289
853
853
143
143
891
891
336
336
1152
1152
2556
2556
1920
1920
72
72
677
677
114
114
100
100
286
286
2067
2067
938
938
1109
1109
1985
1985
2075
2075
1957
1957
2594
2594
2736
2736
2763
2763
451
451
478
478
1408
1408
1756
1756
1789
1789
1656
1656
1536
1536
680
680
2793
2793
454
454
533
533
2064
2064
1567
1567
1610
1610
220
220
479
479
729
729
2083
2083
1720
1720
1594
1594
1454
1454
1888
1888
2016
2016
975
975
1869
1869
1921
1921
416
416
857
857
2173
2173
325
325
1351
1351
276
276
1887
1887
1133
1133
179
179
826
826
590
590
604
604
459
459
347
347
340
340
471
471
2550
2550
543
543
564
564
911
911
740
740
2533
2533
663
663
522
522
2105
2105
681
681
401
401
295
295
929
929
1072
1072
1335
1335
414
414
1367
1367
518
518
994
994
766
766
858
858
1081
1081
1106
1106
32
32
2025
2025
1838
1838
372
372
314
314
2487
2487
1211
1211
945
945
1213
1213
614
614
2372
2372
2174
2174
2273
2273
613
613
18
18
388
388
535
535
2664
2664
1357
1357
1170
1170
1783
1783
1255
1255
1992
1992
469
469
46
46
2155
2155
162
162
2862
2862
2396
2396
1958
1958
948
948
2274
2274
944
944
468
468
2589
2589
1853
1853
1061
1061
2738
2738
985
985
1929
1929
610
610
2447
2447
1617
1617
768
768
377
377
432
432
900
900
1025
1025
175
175
1342
1342
1691
1691
2252
2252
727
727
421
421
2272
2272
2377
2377
1370
1370
41
41
759
759
2072
2072
2542
2542
480
480
2325
2325
125
125
2855
2855
2215
2215
2569
2569
2220
2220
1310
1310
1559
1559
2627
2627
2177
2177
2683
2683
1206
1206
2331
2331
328
328
2251
2251
364
364
389
389
200
200
1854
1854
92
92
2136
2136
309
309
2785
2785
8
8
2214
2214
1096
1096
370
370
2213
2213
616
616
154
154
2209
2209
2290
2290
393
393
2230
2230
2630
2630
1386
1386
1936
1936
1392
1392
688
688
1215
1215
1002
1002
2141
2141
2666
2666
650
650
2026
2026
50
50
2100
2100
580
580
366
366
2289
2289
2163
2163
1317
1317
1259
1259
1278
1278
2838
2838
1818
1818
2454
2454
651
651
2249
2249
2791
2791
2330
2330
2830
2830
2582
2582
2063
2063
2412
2412
1007
1007
2540
2540
2654
2654
2604
2604
26
26
2632
2632
812
812
510
510
2854
2854
2655
2655
306
306
512
512
2586
2586
2767
2767
2660
2660
779
779
1285
1285
852
852
698
698
241
241
489
489
780
780
2717
2717
1923
1923
778
778
2530
2530
1282
1282
2686
2686
728
728
864
864
2753
2753
2211
2211
2103
2103
2266
2266
1117
1117
1036
1036
2758
2758
487
487
2488
2488
148
148
2794
2794
2210
2210
2411
2411
65
65
268
268
2498
2498
482
482
2829
2829
1115
1115
776
776
62
62
2311
2311
2744
2744
863
863
267
267
1409
1409
2707
2707
339
339
150
150
2217
2217
61
61
1897
1897
1539
1539
870
870
626
626
490
490
89
89
2774
2774
374
374
2374
2374
1124
1124
2027
2027
600
600
765
765
2149
2149
2746
2746
690
690
2775
2775
2500
2500
2293
2293
2371
2371
769
769
557
557
2112
2112
40
40
856
856
2499
2499
425
425
91
91
2086
2086
2597
2597
407
407
151
151
402
402
188
188
2097
2097
545
545
2678
2678
189
189
1391
1391
269
269
2441
2441
2671
2671
653
653
1598
1598
272
272
152
152
1316
1316
1551
1551
1161
1161
1983
1983
127
127
2287
2287
322
322
2539
2539
2329
2329
1203
1203
392
392
2102
2102
917
917
1287
1287
90
90
697
697
466
466
353
353
405
405
624
624
1315
1315
2129
2129
448
448
2568
2568
427
427
2712
2712
669
669
2426
2426
514
514
694
694
2212
2212
2529
2529
1028
1028
225
225
2279
2279
2084
2084
2360
2360
1641
1641
2673
2673
560
560
746
746
288
288
313
313
481
481
771
771
2248
2248
2463
2463
775
775
2030
2030
1995
1995
63
63
406
406
815
815
2410
2410
463
463
2453
2453
1486
1486
770
770
832
832
2531
2531
2370
2370
2596
2596
625
625
256
256
2818
2818
1217
1217
373
373
2056
2056
2748
2748
2138
2138
420
420
365
365
223
223
1762
1762
2065
2065
1047
1047
87
87
403
403
908
908
2029
2029
2452
2452
617
617
1802
1802
117
117
2178
2178
2495
2495
118
118
1372
1372
1682
1682
943
943
530
530
963
963
2351
2351
1690
1690
1420
1420
2442
2442
2638
2638
1071
1071
1736
1736
880
880
547
547
2674
2674
2327
2327
367
367
2409
2409
814
814
2286
2286
810
810
899
899
984
984
730
730
869
869
2224
2224
2369
2369
2494
2494
2455
2455
2451
2451
2175
2175
2088
2088
450
450
772
772
1753
1753
2493
2493
2407
2407
1123
1123
2367
2367
581
581
2598
2598
2380
2380
2450
2450
903
903
860
860
622
622
12
12
2328
2328
654
654
691
691
2250
2250
2288
2288
2448
2448
44
44
2368
2368
224
224
2492
2492
2490
2490
422
422
2449
2449
2408
2408
2657
2657
260
260
2491
2491
818
818
655
655
618
618
513
513
861
861
582
582
859
859
692
692
546
546
817
817
862
862
774
774
773
773
816
816
732
732
902
902
731
731
360
360
962
962
2244
2244
2605
2605
187
187
1159
1159
483
483
2747
2747
2816
2816
598
598
2519
2519
2626
2626
549
549
423
423
2201
2201
369
369
464
464
631
631
2127
2127
1274
1274
153
153
834
834
673
673
227
227
1411
1411
1764
1764
273
273
2640
2640
2524
2524
344
344
301
301
352
352
821
821
1164
1164
1561
1561
1830
1830
695
695
1961
1961
172
172
620
620
192
192
2167
2167
1613
1613
1134
1134
529
529
1913
1913
2846
2846
2115
2115
1614
1614
1089
1089
2857
2857
252
252
299
299
2015
2015
2865
2865
121
121
1449
1449
1376
1376
1865
1865
1362
1362
1585
1585
484
484
1606
1606
97
97
1512
1512
2795
2795
528
528
666
666
1568
1568
1229
1229
1419
1419
1799
1799
1468
1468
1899
1899
1135
1135
2761
2761
2635
2635
2593
2593
2055
2055
1464
1464
1076
1076
350
350
1010
1010
5
5
2834
2834
2267
2267
2352
2352
748
748
1365
1365
1364
1364
14
14
503
503
1431
1431
2431
2431
1465
1465
2756
2756
2719
2719
1765
1765
1463
1463
1234
1234
2004
2004
1433
1433
1462
1462
1265
1265
2755
2755
2071
2071
1045
1045
1263
1263
791
791
878
878
2458
2458
2537
2537
1331
1331
868
868
2581
2581
2277
2277
2459
2459
2297
2297
2259
2259
1434
1434
2147
2147
2111
2111
2002
2002
1075
1075
1333
1333
1967
1967
1730
1730
1332
1332
1698
1698
2457
2457
2000
2000
368
368
879
879
2536
2536
591
591
2484
2484
1334
1334
2577
2577
2416
2416
1366
1366
881
881
1169
1169
992
992
2576
2576
2419
2419
1651
1651
2418
2418
1074
1074
1984
1984
2295
2295
1132
1132
662
662
661
661
993
993
2007
2007
400
400
205
205
1430
1430
593
593
132
132
589
589
964
964
737
737
1448
1448
960
960
457
457
2145
2145
229
229
73
73
246
246
244
244
1545
1545
1964
1964
1048
1048
133
133
204
204
343
343
53
53
2296
2296
2535
2535
134
134
333
333
2711
2711
1969
1969
2403
2403
54
54
102
102
2773
2773
2146
2146
136
136
103
103
955
955
2305
2305
203
203
76
76
1702
1702
1701
1701
135
135
2637
2637
1232
1232
2257
2257
2497
2497
804
804
2505
2505
2225
2225
248
248
592
592
1432
1432
249
249
2482
2482
2690
2690
245
245
452
452
665
665
394
394
2414
2414
2511
2511
743
743
733
733
587
587
2181
2181
1330
1330
2583
2583
790
790
206
206
515
515
170
170
707
707
342
342
2843
2843
1646
1646
2324
2324
297
297
231
231
1878
1878
1971
1971
1557
1557
396
396
2608
2608
326
326
2652
2652
2187
2187
2152
2152
378
378
584
584
786
786
1645
1645
424
424
1861
1861
1277
1277
496
496
1863
1863
1797
1797
275
275
2042
2042
2078
2078
465
465
253
253
20
20
807
807
1429
1429
1766
1766
472
472
633
633
1795
1795
1575
1575
2792
2792
2685
2685
1182
1182
1247
1247
324
324
2672
2672
630
630
1900
1900
659
659
1615
1615
562
562
1228
1228
1591
1591
1327
1327
2237
2237
1934
1934
1513
1513
1511
1511
2133
2133
1242
1242
1128
1128
1631
1631
1231
1231
1136
1136
1953
1953
2124
2124
599
599
1999
1999
1509
1509
1297
1297
300
300
2684
2684
2802
2802
2781
2781
2647
2647
668
668
376
376
1988
1988
1191
1191
2780
2780
486
486
1524
1524
1734
1734
1245
1245
1637
1637
2575
2575
1127
1127
1893
1893
1652
1652
2080
2080
1369
1369
1554
1554
1586
1586
2096
2096
1417
1417
2501
2501
1510
1510
1508
1508
1731
1731
2376
2376
1240
1240
2302
2302
1387
1387
2644
2644
1972
1972
2770
2770
1292
1292
2192
2192
830
830
2033
2033
2651
2651
1507
1507
1483
1483
735
735
1418
1418
745
745
531
531
2034
2034
1576
1576
1479
1479
1295
1295
1531
1531
1415
1415
1667
1667
1560
1560
670
670
1589
1589
1997
1997
785
785
2573
2573
2074
2074
2378
2378
2338
2338
2221
2221
2184
2184
2037
2037
2801
2801
1683
1683
2336
2336
1931
1931
1896
1896
2219
2219
1796
1796
1763
1763
1621
1621
1480
1480
1481
1481
1963
1963
1093
1093
1666
1666
1634
1634
1495
1495
918
918
2460
2460
1966
1966
2035
2035
1826
1826
1767
1767
1678
1678
1442
1442
2144
2144
2574
2574
2680
2680
2182
2182
1424
1424
2263
2263
2001
2001
556
556
1314
1314
1832
1832
1000
1000
1555
1555
1864
1864
2810
2810
1328
1328
2150
2150
2119
2119
1311
1311
52
52
1290
1290
595
595
2509
2509
2189
2189
1669
1669
2079
2079
1051
1051
1120
1120
833
833
961
961
2281
2281
1668
1668
1246
1246
1620
1620
2559
2559
1344
1344
2819
2819
1644
1644
1270
1270
1296
1296
1580
1580
1935
1935
1604
1604
1198
1198
1414
1414
2032
2032
1033
1033
2041
2041
1574
1574
1049
1049
1518
1518
1425
1425
2006
2006
1700
1700
404
404
351
351
1482
1482
1210
1210
1118
1118
1619
1619
95
95
1827
1827
1348
1348
2125
2125
1381
1381
877
877
2646
2646
2546
2546
1733
1733
1794
1794
1180
1180
1607
1607
1859
1859
1632
1632
1577
1577
1828
1828
1603
1603
1389
1389
1173
1173
461
461
1183
1183
2070
2070
1772
1772
1928
1928
1399
1399
1892
1892
1321
1321
1174
1174
1384
1384
1876
1876
1590
1590
1546
1546
1732
1732
2337
2337
1320
1320
1129
1129
1236
1236
1638
1638
1388
1388
1467
1467
1526
1526
1394
1394
67
67
2183
2183
789
789
1894
1894
1477
1477
1377
1377
629
629
1601
1601
2438
2438
1761
1761
1998
1998
2867
2867
2043
2043
1258
1258
1583
1583
1156
1156
922
922
1160
1160
2108
2108
2204
2204
2648
2648
1653
1653
628
628
1043
1043
2153
2153
1548
1548
2260
2260
1665
1665
954
954
1715
1715
1323
1323
867
867
1185
1185
2611
2611
1927
1927
1908
1908
705
705
1602
1602
1222
1222
2039
2039
704
704
1085
1085
1556
1556
1494
1494
1697
1697
282
282
1091
1091
1670
1670
1664
1664
1193
1193
1681
1681
744
744
559
559
1382
1382
2198
2198
1470
1470
1527
1527
1987
1987
1699
1699
1309
1309
2200
2200
1196
1196
1933
1933
1143
1143
1104
1104
1272
1272
1490
1490
1197
1197
1478
1478
1476
1476
1515
1515
1793
1793
1712
1712
1001
1001
1562
1562
1349
1349
921
921
1005
1005
1760
1760
913
913
1584
1584
627
627
1350
1350
1226
1226
1926
1926
1547
1547
1842
1842
1373
1373
1279
1279
792
792
1962
1962
1635
1635
1224
1224
1898
1898
1516
1516
1324
1324
1146
1146
558
558
703
703
1636
1636
1825
1825
1175
1175
1573
1573
1271
1271
1148
1148
88
88
2850
2850
2262
2262
1952
1952
2040
2040
1519
1519
1571
1571
1858
1858
1147
1147
441
441
2114
2114
375
375
1572
1572
1709
1709
1077
1077
1475
1475
1474
1474
1283
1283
1729
1729
942
942
2483
2483
1949
1949
2316
2316
1542
1542
2116
2116
183
183
2645
2645
847
847
1514
1514
1633
1633
1018
1018
912
912
1544
1544
1326
1326
919
919
1505
1505
876
876
702
702
504
504
1428
1428
1466
1466
761
761
1284
1284
318
318
1223
1223
1368
1368
1895
1895
1177
1177
1533
1533
1626
1626
1605
1605
493
493
1471
1471
1663
1663
747
747
2610
2610
211
211
920
920
2228
2228
2047
2047
1114
1114
1543
1543
1379
1379
1616
1616
788
788
2538
2538
1178
1178
1060
1060
2502
2502
2609
2609
1746
1746
1003
1003
1436
1436
1728
1728
1696
1696
1401
1401
1103
1103
1695
1695
1130
1130
1716
1716
1100
1100
1862
1862
1829
1829
667
667
1684
1684
637
637
2005
2005
874
874
1102
1102
1677
1677
601
601
793
793
1380
1380
932
932
1092
1092
1759
1759
1717
1717
1336
1336
1261
1261
1435
1435
1860
1860
1363
1363
523
523
1744
1744
1710
1710
1329
1329
1087
1087
1056
1056
1824
1824
1525
1525
1472
1472
1986
1986
576
576
1220
1220
898
898
1685
1685
1070
1070
1016
1016
742
742
2724
2724
1780
1780
524
524
1891
1891
2682
2682
1917
1917
1176
1176
1782
1782
612
612
959
959
873
873
1313
1313
1058
1058
1437
1437
2306
2306
1517
1517
1713
1713
1040
1040
1857
1857
1403
1403
1882
1882
1792
1792
1727
1727
2276
2276
1647
1647
1059
1059
664
664
1970
1970
1848
1848
2077
2077
957
957
1648
1648
2022
2022
1402
1402
2525
2525
1749
1749
2432
2432
1423
1423
1131
1131
1747
1747
1346
1346
1004
1004
2298
2298
715
715
1815
1815
930
930
916
916
119
119
1778
1778
228
228
1951
1951
2229
2229
2036
2036
1374
1374
120
120
2148
2148
995
995
1027
1027
1930
1930
317
317
1322
1322
1273
1273
2346
2346
2364
2364
1014
1014
706
706
1781
1781
889
889
1660
1660
186
186
2199
2199
552
552
1281
1281
2170
2170
1325
1325
956
956
1039
1039
1680
1680
2231
2231
693
693
1679
1679
915
915
1916
1916
1847
1847
1171
1171
1012
1012
649
649
1809
1809
1711
1711
974
974
1745
1745
1015
1015
837
837
1225
1225
1125
1125
1812
1812
701
701
914
914
829
829
537
537
931
931
138
138
983
983
1881
1881
1846
1846
2021
2021
1950
1950
1748
1748
741
741
1810
1810
1814
1814
1915
1915
1126
1126
998
998
970
970
1083
1083
1742
1742
1269
1269
1227
1227
1187
1187
1779
1779
972
972
1375
1375
887
887
875
875
2161
2161
973
973
1813
1813
1172
1172
831
831
1221
1221
1082
1082
1879
1879
1181
1181
1743
1743
1427
1427
855
855
462
462
1844
1844
871
871
1396
1396
1880
1880
1914
1914
872
872
526
526
711
711
756
756
845
845
1776
1776
888
888
1378
1378
674
674
1777
1777
42
42
787
787
1845
1845
1775
1775
1343
1343
843
843
2243
2243
686
686
2301
2301
2020
2020
1111
1111
1811
1811
827
827
844
844
828
828
498
498
811
811
836
836
491
491
801
801
784
784
799
799
2151
2151
726
726
800
800
783
783
767
767
508
508
2321
2321
758
758
541
541
757
757
2592
2592
717
717
1808
1808
885
885
1268
1268
2323
2323
1340
1340
2069
2069
1371
1371
835
835
2132
2132
1186
1186
751
751
749
749
1319
1319
1506
1506
1421
1421
1461
1461
968
968
632
632
1413
1413
2663
2663
68
68
1233
1233
1184
1184
29
29
37
37
47
47
1155
1155
1798
1798
1154
1154
893
893
194
194
805
805
808
808
140
140
157
157
139
139
2226
2226
763
763
506
506
329
329
1140
1140
1773
1773
1582
1582
1553
1553
4
271
2870
2871
0
2877
1318
2725
2728
2733
2779
2729
2726
185
2731
2727
2732
2762
116
2800
226
2730
2799
2783
60
149
2844
86
2757
2832
2852
2853
2803
2820
2864
2847
826
590
459
347
911
740
663
522
401
295
994
1081
32
18
1170
2862
1370
8
2865
1468
2846
2857
1512
1513
1511
1509
2684
2802
2781
2647
2575
2501
1510
1508
1507
1483
1479
2074
2378
2338
2221
2184
2037
1931
1896
1796
1763
1480
1481
1666
1634
1518
1425
1482
1477
1478
1476
1475
1474
1428
1379
1380
2877
2876
2874
2866
2848
2822
2786
2736
2763
2664
2627
2604
2568
2531
2495
2494
2493
2492
2490
2491
1408
1756
1789
1656
1536
1720
1594
1454
1357
1310
1854
1259
1923
1161
2030
1995
2065
1071
984
2175
903
2250
2288
2408
2491
818
861
817
862
902
0
17
7
31
49
72
114
100
162
200
241
288
313
365
450
818
655
513
582
732
)


// ************************************************************************* //
