/*--------------------------------*- C++ -*----------------------------------*\
  =========                 |
  \\      /  F ield         | OpenFOAM: The Open Source CFD Toolbox
   \\    /   O peration     | Website:  https://openfoam.org
    \\  /    A nd           | Version:  7
     \\/     M anipulation  |
\*---------------------------------------------------------------------------*/
FoamFile
{
    version     2.0;
    format      ascii;
    class       vectorField;
    location    "0.01/polyMesh";
    object      points;
}
// * * * * * * * * * * * * * * * * * * * * * * * * * * * * * * * * * * * * * //


3048
(
(-3 0 0)
(-3 0 4)
(3 0 4)
(3 0 0)
(0.05 0 0)
(0.05 0 1)
(-0.05 0 1)
(-0.05 0 0)
(-0.05 0.3 0)
(-3 0.3 0)
(-0.05 0.3 1)
(0.05 0.3 1)
(0.05 0.3 0)
(3 0.3 0)
(3 0.3 4)
(-3 0.3 4)
(-3 0 0.2)
(-3 0 0.4)
(-3 0 0.6)
(-3 0 0.8)
(-3 0 1)
(-3 0 1.2)
(-3 0 1.4)
(-3 0 1.6)
(-3 0 1.8)
(-3 0 2)
(-3 0 2.2)
(-3 0 2.4)
(-3 0 2.6)
(-3 0 2.8)
(-3 0 3)
(-3 0 3.2)
(-3 0 3.4)
(-3 0 3.6)
(-3 0 3.8)
(-2.8 0 4)
(-2.6 0 4)
(-2.4 0 4)
(-2.2 0 4)
(-2 0 4)
(-1.8 0 4)
(-1.6 0 4)
(-1.4 0 4)
(-1.2 0 4)
(-1 0 4)
(-0.8 0 4)
(-0.6 0 4)
(-0.4 0 4)
(-0.2 0 4)
(0 0 4)
(0.2 0 4)
(0.4 0 4)
(0.6 0 4)
(0.8 0 4)
(1 0 4)
(1.2 0 4)
(1.4 0 4)
(1.6 0 4)
(1.8 0 4)
(2 0 4)
(2.2 0 4)
(2.4 0 4)
(2.6 0 4)
(2.8 0 4)
(3 0 3.8)
(3 0 3.6)
(3 0 3.4)
(3 0 3.2)
(3 0 3)
(3 0 2.8)
(3 0 2.6)
(3 0 2.4)
(3 0 2.2)
(3 0 2)
(3 0 1.8)
(3 0 1.6)
(3 0 1.4)
(3 0 1.2)
(3 0 1)
(3 0 0.8)
(3 0 0.6)
(3 0 0.4)
(3 0 0.2)
(2.81 0 0)
(2.62918 0 0)
(2.45709 0 0)
(2.29332 0 0)
(2.13746 0 0)
(1.98912 0 0)
(1.84795 0 0)
(1.7136 0 0)
(1.58574 0 0)
(1.46406 0 0)
(1.34825 0 0)
(1.23804 0 0)
(1.13315 0 0)
(1.03333 0 0)
(0.938334 0 0)
(0.847923 0 0)
(0.76188 0 0)
(0.679993 0 0)
(0.602061 0 0)
(0.527894 0 0)
(0.45731 0 0)
(0.390135 0 0)
(0.326205 0 0)
(0.265363 0 0)
(0.207461 0 0)
(0.152355 0 0)
(0.0999107 0 0)
(0.05 0 0.05)
(0.05 0 0.1)
(0.05 0 0.15)
(0.05 0 0.2)
(0.05 0 0.25)
(0.05 0 0.3)
(0.05 0 0.35)
(0.05 0 0.4)
(0.05 0 0.45)
(0.05 0 0.5)
(0.05 0 0.55)
(0.05 0 0.6)
(0.05 0 0.65)
(0.05 0 0.7)
(0.05 0 0.75)
(0.05 0 0.8)
(0.05 0 0.85)
(0.05 0 0.9)
(0.05 0 0.95)
(-3.46945e-17 0 1)
(-0.05 0 0.95)
(-0.05 0 0.9)
(-0.05 0 0.85)
(-0.05 0 0.8)
(-0.05 0 0.75)
(-0.05 0 0.7)
(-0.05 0 0.65)
(-0.05 0 0.6)
(-0.05 0 0.55)
(-0.05 0 0.5)
(-0.05 0 0.45)
(-0.05 0 0.4)
(-0.05 0 0.35)
(-0.05 0 0.3)
(-0.05 0 0.25)
(-0.05 0 0.2)
(-0.05 0 0.15)
(-0.05 0 0.1)
(-0.05 0 0.05)
(-0.0999107 0 0)
(-0.152355 0 0)
(-0.207461 0 0)
(-0.265363 0 0)
(-0.326205 0 0)
(-0.390135 0 0)
(-0.45731 0 0)
(-0.527894 0 0)
(-0.602061 0 0)
(-0.679993 0 0)
(-0.76188 0 0)
(-0.847923 0 0)
(-0.938334 0 0)
(-1.03333 0 0)
(-1.13315 0 0)
(-1.23804 0 0)
(-1.34825 0 0)
(-1.46406 0 0)
(-1.58574 0 0)
(-1.7136 0 0)
(-1.84795 0 0)
(-1.98912 0 0)
(-2.13746 0 0)
(-2.29332 0 0)
(-2.45709 0 0)
(-2.62918 0 0)
(-2.81 0 0)
(-0.0999107 0.3 0)
(-0.152355 0.3 0)
(-0.207461 0.3 0)
(-0.265363 0.3 0)
(-0.326205 0.3 0)
(-0.390135 0.3 0)
(-0.45731 0.3 0)
(-0.527894 0.3 0)
(-0.602061 0.3 0)
(-0.679993 0.3 0)
(-0.76188 0.3 0)
(-0.847923 0.3 0)
(-0.938334 0.3 0)
(-1.03333 0.3 0)
(-1.13315 0.3 0)
(-1.23804 0.3 0)
(-1.34825 0.3 0)
(-1.46406 0.3 0)
(-1.58574 0.3 0)
(-1.7136 0.3 0)
(-1.84795 0.3 0)
(-1.98912 0.3 0)
(-2.13746 0.3 0)
(-2.29332 0.3 0)
(-2.45709 0.3 0)
(-2.62918 0.3 0)
(-2.81 0.3 0)
(-0.05 0.3 0.95)
(-0.05 0.3 0.9)
(-0.05 0.3 0.85)
(-0.05 0.3 0.8)
(-0.05 0.3 0.75)
(-0.05 0.3 0.7)
(-0.05 0.3 0.65)
(-0.05 0.3 0.6)
(-0.05 0.3 0.55)
(-0.05 0.3 0.5)
(-0.05 0.3 0.45)
(-0.05 0.3 0.4)
(-0.05 0.3 0.35)
(-0.05 0.3 0.3)
(-0.05 0.3 0.25)
(-0.05 0.3 0.2)
(-0.05 0.3 0.15)
(-0.05 0.3 0.1)
(-0.05 0.3 0.05)
(-3.46945e-17 0.3 1)
(0.05 0.3 0.05)
(0.05 0.3 0.1)
(0.05 0.3 0.15)
(0.05 0.3 0.2)
(0.05 0.3 0.25)
(0.05 0.3 0.3)
(0.05 0.3 0.35)
(0.05 0.3 0.4)
(0.05 0.3 0.45)
(0.05 0.3 0.5)
(0.05 0.3 0.55)
(0.05 0.3 0.6)
(0.05 0.3 0.65)
(0.05 0.3 0.7)
(0.05 0.3 0.75)
(0.05 0.3 0.8)
(0.05 0.3 0.85)
(0.05 0.3 0.9)
(0.05 0.3 0.95)
(2.81 0.3 0)
(2.62918 0.3 0)
(2.45709 0.3 0)
(2.29332 0.3 0)
(2.13746 0.3 0)
(1.98912 0.3 0)
(1.84795 0.3 0)
(1.7136 0.3 0)
(1.58574 0.3 0)
(1.46406 0.3 0)
(1.34825 0.3 0)
(1.23804 0.3 0)
(1.13315 0.3 0)
(1.03333 0.3 0)
(0.938334 0.3 0)
(0.847923 0.3 0)
(0.76188 0.3 0)
(0.679993 0.3 0)
(0.602061 0.3 0)
(0.527894 0.3 0)
(0.45731 0.3 0)
(0.390135 0.3 0)
(0.326205 0.3 0)
(0.265363 0.3 0)
(0.207461 0.3 0)
(0.152355 0.3 0)
(0.0999107 0.3 0)
(3 0.3 3.8)
(3 0.3 3.6)
(3 0.3 3.4)
(3 0.3 3.2)
(3 0.3 3)
(3 0.3 2.8)
(3 0.3 2.6)
(3 0.3 2.4)
(3 0.3 2.2)
(3 0.3 2)
(3 0.3 1.8)
(3 0.3 1.6)
(3 0.3 1.4)
(3 0.3 1.2)
(3 0.3 1)
(3 0.3 0.8)
(3 0.3 0.6)
(3 0.3 0.4)
(3 0.3 0.2)
(-2.8 0.3 4)
(-2.6 0.3 4)
(-2.4 0.3 4)
(-2.2 0.3 4)
(-2 0.3 4)
(-1.8 0.3 4)
(-1.6 0.3 4)
(-1.4 0.3 4)
(-1.2 0.3 4)
(-1 0.3 4)
(-0.8 0.3 4)
(-0.6 0.3 4)
(-0.4 0.3 4)
(-0.2 0.3 4)
(0 0.3 4)
(0.2 0.3 4)
(0.4 0.3 4)
(0.6 0.3 4)
(0.8 0.3 4)
(1 0.3 4)
(1.2 0.3 4)
(1.4 0.3 4)
(1.6 0.3 4)
(1.8 0.3 4)
(2 0.3 4)
(2.2 0.3 4)
(2.4 0.3 4)
(2.6 0.3 4)
(2.8 0.3 4)
(-3 0.3 0.2)
(-3 0.3 0.4)
(-3 0.3 0.6)
(-3 0.3 0.8)
(-3 0.3 1)
(-3 0.3 1.2)
(-3 0.3 1.4)
(-3 0.3 1.6)
(-3 0.3 1.8)
(-3 0.3 2)
(-3 0.3 2.2)
(-3 0.3 2.4)
(-3 0.3 2.6)
(-3 0.3 2.8)
(-3 0.3 3)
(-3 0.3 3.2)
(-3 0.3 3.4)
(-3 0.3 3.6)
(-3 0.3 3.8)
(-0.05 0 1.05)
(0.8 0 3.8)
(2.81119 0 1.61119)
(-2.8 0 1.6)
(-0.417347 0 3.80124)
(0.1 0 0.95)
(-0.1 0 1)
(1.35346 0 0.111674)
(-1.35119 0 0.111598)
(-0.835523 0 0.0837312)
(0.765794 0 0.0829365)
(-0.1 0 0.5)
(-1.40034 0 3.80043)
(0.1 0 0.45)
(2.8 0 2.4)
(1.85457 0 0.135711)
(-1.85164 0 0.13613)
(-0.450295 0 0.0654058)
(1.6 0 3.8)
(-2.8 0 2.4)
(0.329032 0 0.0617008)
(-0.1 0 0.25)
(2.80011 0 3.00012)
(2.8 0 0.8)
(-2.80995 0 0.993081)
(-2.43396 0 0.159478)
(0.1 0 0.15)
(2.4 0 3.8)
(-2.2 0 3.8)
(0.1 0 0.65)
(-0.1 0 0.7)
(2.45303 0 0.159713)
(-0.259142 0 0.0564197)
(-0.1 0 0.1)
(-2.8 0 3.2)
(-0.671635 0 0.0758818)
(2.86308e-15 0 3.8)
(0.942601 0 0.0916866)
(0.460445 0 0.0681633)
(-1 0 3.8)
(2.8 0 3.4)
(2.8 0 3.6)
(0.0999553 0 0.0499553)
(0.1 0 0.25)
(-0.1 0 0.35)
(0.1 0 0.75)
(-0.1 0 0.8)
(-2.8 0 0.2)
(2.8 0 0.2)
(0.606968 0 0.074789)
(1.1379 0 0.101124)
(-1.23544 0 0.102287)
(0.2091 0 0.0557856)
(1.59181 0 0.123432)
(-1.58891 0 0.124689)
(-1.01991 0 0.0924294)
(-2.80262 0 0.593308)
(2.8 0 0.4)
(2.8 0 1)
(2.80221 0 1.21532)
(2.80172 0 1.80172)
(-2.8 0 1.4)
(-2.8 0 1.8)
(0.4 0 3.8)
(-0.616611 0 3.80143)
(1 0 3.8)
(2.80255 0 2.00079)
(-0.203296 0 0.0560932)
(-0.383064 0 0.0622607)
(-0.593995 0 0.0723256)
(1.9953 0 0.14247)
(-2.13378 0 0.144655)
(2.14174 0 0.15091)
(2.8 0 2.6)
(-2.8 0 2)
(-2.8 0 2.6)
(1.8 0 3.8)
(1.19955 0 3.80215)
(1.99961 0 3.80069)
(-1.8 0 3.8)
(2.6 0 3.8)
(2.8 0 3.8)
(-2.8 0 3.8)
(-2.6 0 3.8)
(-2.8 0 3.4)
(-2.80074 0 2.79956)
(-0.100366 0 0.0495923)
(0.100655 0 0.300142)
(0.101155 0 0.350053)
(-0.1 0 0.15)
(-0.100345 0 0.403726)
(0.1 0 0.55)
(0.102826 0 0.79745)
(-0.1 0 0.55)
(0.0978953 0 0.847274)
(7.50708e-16 0 1.05)
(-0.1 0 0.6)
(-0.1 0 0.85)
(-0.1 0 0.9)
(0.0507297 0 1.05213)
(-0.0540859 0 1.10512)
(2.62786 0 1.59522)
(0.810606 0 3.61625)
(-2.61719 0 1.61929)
(-0.590408 0 3.60959)
(-1.24373 0 0.209683)
(-0.155571 0 0.795725)
(0.149714 0 0.80075)
(-0.601229 0 0.14765)
(1.85803 0 0.273114)
(-0.152131 0 0.347869)
(-0.153725 0 0.546437)
(2.60193 0 2.40193)
(1.60161 0 3.60161)
(-2.60166 0 2.40166)
(2.62268 0 0.818717)
(0.149592 0 0.301155)
(-2.6 0 3.2)
(-0.206695 0 0.109612)
(2.61162 0 1.18838)
(-2.80626 0 0.390112)
(2.80581 0 0.605813)
(-2.80636 0 0.793636)
(-2.81606 0 1.18567)
(2.80791 0 1.42647)
(-0.237394 0 3.80522)
(0.594861 0 3.80514)
(0.194861 0 3.80514)
(2.60748 0 1.80748)
(-2.61216 0 1.80763)
(1.16251 0 3.60986)
(0.154235 0 0.0530022)
(0.852546 0 0.0877077)
(1.03841 0 0.0968896)
(0.684234 0 0.0794459)
(1.24365 0 0.106941)
(0.531652 0 0.0723424)
(1.47018 0 0.118158)
(0.393505 0 0.0652293)
(-0.818912 0 3.80286)
(1.72023 0 0.131223)
(-1.46807 0 0.114183)
(-1.7184 0 0.127994)
(-0.51374 0 0.0687908)
(-0.748091 0 0.0794263)
(-0.918776 0 0.0881952)
(-1.09942 0 0.0964233)
(0.268379 0 0.0594114)
(-0.313478 0 0.0592556)
(-2.27334 0 0.151934)
(2.8011 0 2.2011)
(-2.80302 0 2.19698)
(1.397 0 3.803)
(-1.20042 0 3.80042)
(-2.60118 0 2.60118)
(1.80118 0 3.60118)
(1.99692 0 0.287655)
(2.80028 0 2.80028)
(-0.151359 0 0.0485963)
(-1.60021 0 3.80031)
(2.19952 0 3.80048)
(-2.80047 0 2.99953)
(2.80008 0 3.20008)
(-0.151913 0 0.0980866)
(-2 0 3.8)
(2.60043 0 3.40043)
(2.40009 0 3.60009)
(2.60007 0 3.60007)
(-2.4 0 3.8)
(-2.8 0 3.6)
(-1.99207 0 0.139152)
(2.29248 0 0.160554)
(-2.62115 0 0.168121)
(2.6282 0 0.172222)
(0.100306 0 0.100262)
(0.102311 0 1.00127)
(0.103655 0 0.198184)
(-0.103711 0 0.20177)
(-0.109765 0 0.298919)
(0.101049 0 0.401049)
(0.101104 0 0.601104)
(0.101104 0 0.501104)
(-0.103884 0 0.451139)
(0.103774 0 0.698272)
(0.109827 0 0.900701)
(-0.104242 0 0.651368)
(-0.114235 0 0.748162)
(-0.104567 0 1.05229)
(-0.153825 0 0.846175)
(-0.104997 0 0.9504)
(0.104269 0 1.05507)
(-0.10856 0 1.10801)
(2.43496 0 1.62611)
(-2.42836 0 1.62612)
(-0.209538 0 0.790248)
(1.24972 0 0.211745)
(-1.58855 0 0.250246)
(0.608837 0 0.150985)
(0.149811 0 0.555799)
(-2.40634 0 2.40586)
(-1.20344 0 3.60348)
(1.60568 0 3.40886)
(1.85907 0 0.409293)
(-1.99028 0 0.281859)
(2.40057 0 3.40054)
(-0.324724 0 0.120946)
(-2.61874 0 0.779961)
(-0.153914 0 0.996141)
(0.187727 0 3.61686)
(0.267904 0 0.119298)
(-1.80031 0 3.60031)
(0.857527 0 0.174045)
(-0.845023 0 0.169017)
(2.45559 0 0.324379)
(-2.28698 0 0.306265)
(0.142813 0 0.950288)
(-0.769941 0 3.62796)
(2.60888 0 2.20034)
(-2.60805 0 2.2067)
(0.153639 0 0.154365)
(1.47815 0 0.23437)
(-2.60248 0 2.7987)
(1.99892 0 3.60226)
(2.60339 0 2.8007)
(1.72873 0 0.25818)
(2.60106 0 3.20128)
(0.397071 0 0.129277)
(-2.6 0 3.6)
(-2.629 0 0.345759)
(0.152072 0 0.453121)
(0.154708 0 0.654057)
(0.15491 0 0.850479)
(2.62413 0 0.633354)
(-0.152111 0 0.25106)
(-0.153112 0 0.701538)
(-2.6407 0 1.19519)
(2.62201 0 1.3752)
(0.639682 0 3.62454)
(-2.62076 0 1.43024)
(1.39193 0 3.61832)
(-1.1409 0 0.197054)
(-0.188522 0 3.61662)
(-0.374532 0 3.6162)
(2.6111 0 1.99638)
(-2.61149 0 1.99998)
(2.61579 0 1.00417)
(-0.528331 0 0.140138)
(0.995959 0 3.61351)
(0.946377 0 0.183764)
(0.46407 0 0.136058)
(-0.93388 0 0.177847)
(-1.72049 0 0.257351)
(2.60377 0 2.59816)
(-0.263638 0 0.113941)
(-1.60153 0 3.60205)
(-2.60095 0 3.00047)
(2.2006 0 3.601)
(-2.1999 0 3.6001)
(-2.60024 0 3.39976)
(-0.151907 0 0.147041)
(-0.678311 0 0.152528)
(0.687172 0 0.158336)
(1.04193 0 0.193044)
(-1.35228 0 0.221479)
(2.14072 0 0.303739)
(2.64944 0 0.321601)
(0.153543 0 0.350988)
(-0.00134975 0 1.09679)
(-0.152085 0 0.396797)
(-0.15521 0 0.595497)
(-0.153644 0 0.49383)
(-0.153767 0 0.893987)
(0.151893 0 0.252886)
(0.152103 0 0.753207)
(-0.160388 0 0.301447)
(0.152902 0 0.105648)
(-0.165645 0 0.750259)
(0.669318 0 3.47157)
(-0.234118 0 3.44645)
(-1.24339 0 0.318573)
(0.950268 0 0.275701)
(0.201322 0 0.740099)
(-1.59338 0 0.376608)
(-0.849361 0 0.261233)
(-0.207069 0 0.541275)
(0.612184 0 0.225421)
(-0.209857 0 0.406074)
(2.41602 0 2.20987)
(-1.60453 0 3.40596)
(-0.52947 0 0.212725)
(-2.40627 0 2.80042)
(0.396359 0 0.197714)
(2.4426 0 1.01834)
(0.201997 0 0.241706)
(1.00724 0 3.42796)
(1.41416 0 3.41652)
(2.40999 0 2.60549)
(2.40216 0 3.20222)
(-0.205083 0 0.241596)
(-0.45532 0 0.13157)
(1.73932 0 0.379233)
(2.4698 0 1.33058)
(-2.61252 0 0.554272)
(0.336681 0 3.64756)
(-0.211157 0 0.169543)
(-2.62834 0 0.969531)
(-2.43891 0 1.44678)
(-0.997377 0 3.61493)
(-2.42659 0 2.00992)
(-2.43834 0 1.81637)
(2.45262 0 0.653446)
(-1.03151 0 0.185952)
(-0.388881 0 0.125254)
(0.204434 0 0.158602)
(1.59865 0 0.249342)
(-0.0023721 0 3.61385)
(-2.41749 0 2.21529)
(-2.40772 0 2.59933)
(2.00196 0 3.40616)
(1.80103 0 3.40736)
(0.535828 0 0.142411)
(0.771239 0 0.165734)
(2.42535 0 1.99322)
(2.42908 0 1.80519)
(1.14143 0 0.20389)
(1.3572 0 0.225176)
(0.33104 0 0.124394)
(-0.758632 0 0.160154)
(-1.40356 0 3.6033)
(-2.13435 0 0.290871)
(-0.269828 0 0.170022)
(-1.46749 0 0.228302)
(2.20231 0 3.40273)
(2.601 0 3.00151)
(-2.4474 0 0.325676)
(-2.40357 0 3.00089)
(-2.00035 0 3.60045)
(-2.40098 0 3.40008)
(-2.40008 0 3.60008)
(-0.602262 0 0.223324)
(2.2918 0 0.322508)
(-0.407678 0 3.43308)
(-0.774707 0 3.43553)
(-1.85231 0 0.270233)
(1.99319 0 0.436093)
(-0.154238 0 0.197873)
(0.160691 0 0.206479)
(-0.201166 0 0.348994)
(0.161029 0 0.706268)
(0.050537 0 1.10576)
(-0.15601 0 0.647102)
(0.203604 0 0.294753)
(0.156057 0 1.00317)
(-0.161402 0 1.0516)
(0.204369 0 0.794246)
(0.157036 0 0.406351)
(-0.0597105 0 1.16223)
(0.157722 0 0.508348)
(0.209393 0 0.108852)
(2.45148 0 0.492728)
(-0.15872 0 0.941562)
(-0.15474 0 0.440207)
(-0.205899 0 0.906393)
(-0.211689 0 0.848113)
(0.154272 0 0.605734)
(0.173194 0 0.901785)
(-0.201662 0 0.680865)
(-0.215938 0 0.732173)
(2.63107 0 0.462979)
(0.105548 0 1.11134)
(-0.115578 0 1.16633)
(2.26049 0 1.82739)
(-2.25331 0 1.80128)
(-0.233023 0 3.27144)
(0.253814 0 0.739123)
(1.71323 0 0.504472)
(-0.261508 0 0.907799)
(-0.248192 0 0.675755)
(-0.52867 0 0.286156)
(0.206597 0 0.451884)
(1.41657 0 3.2299)
(-0.264361 0 0.406729)
(-2.21567 0 2.5979)
(1.80775 0 3.21415)
(1.25276 0 0.320491)
(-2.44546 0 0.937326)
(-1.98847 0 0.42871)
(-0.260432 0 0.224227)
(0.194671 0 0.952394)
(0.254998 0 0.240493)
(2.40407 0 3.00529)
(2.20569 0 3.20626)
(-0.766857 0 0.241126)
(-1.47446 0 0.346942)
(0.537993 0 0.213763)
(2.28865 0 0.485332)
(0.206706 0 0.551925)
(-2.44317 0 1.26328)
(0.209029 0 0.351604)
(0.209953 0 0.8528)
(-0.209205 0 0.483453)
(0.36754 0 3.47242)
(-2.4295 0 0.734927)
(-2.2778 0 0.474887)
(-0.217737 0 1.00604)
(-0.209038 0 0.587933)
(-2.24071 0 2.0314)
(2.23042 0 2.03496)
(-1.00554 0 3.4219)
(-1.40969 0 3.40915)
(1.48528 0 0.353207)
(1.20057 0 3.42694)
(2.44993 0 0.834106)
(0.338533 0 0.18222)
(-0.679689 0 0.229774)
(0.824734 0 3.44481)
(-0.325294 0 0.18066)
(-0.460762 0 0.200132)
(0.4658 0 0.204605)
(0.163261 0 3.44262)
(-0.0513458 0 3.43108)
(-1.04652 0 0.280775)
(-0.938699 0 0.270254)
(0.261019 0 0.175883)
(2.41416 0 2.40831)
(-2.21031 0 2.80435)
(-1.35692 0 0.331501)
(2.41909 0 1.19031)
(2.40715 0 2.79905)
(0.692263 0 0.237874)
(0.860529 0 0.26114)
(1.04679 0 0.288756)
(1.60709 0 0.376043)
(-0.592493 0 3.42738)
(-2.27367 0 1.45302)
(-2.23227 0 2.21779)
(-1.99841 0 3.40235)
(-2.20006 0 3.40227)
(-1.79949 0 3.40424)
(-2.40218 0 3.1997)
(-1.72095 0 0.384858)
(1.85451 0 0.545439)
(2.14003 0 0.455832)
(-0.168515 0 1.10928)
(-0.264734 0 0.788533)
(-0.210131 0 0.293331)
(-1.14713 0 0.294368)
(0.160671 0 1.05927)
(-0.00559135 0 1.15849)
(-2.43934 0 0.520354)
(0.205155 0 0.659435)
(-0.2052 0 0.633477)
(0.216628 0 0.204633)
(-0.213198 0 0.955496)
(0.480103 0 3.63133)
(0.217886 0 0.704246)
(0.163811 0 1.11793)
(-0.177745 0 1.1699)
(2.06763 0 1.98875)
(-2.07727 0 1.85642)
(-1.243 0 0.428222)
(1.71672 0 0.651484)
(0.950199 0 0.370976)
(-0.862464 0 0.344013)
(-1.59293 0 0.504133)
(0.616163 0 0.302551)
(2.25491 0 1.04463)
(-0.830545 0 3.25846)
(-2.02921 0 2.615)
(-0.275722 0 0.965224)
(-1.4182 0 3.22025)
(0.396218 0 0.264427)
(-0.460041 0 0.268176)
(2.13657 0 0.610268)
(2.22477 0 2.41768)
(-2.25753 0 0.904827)
(0.269631 0 0.676995)
(-2.26749 0 1.30235)
(-0.327137 0 0.23871)
(-1.80225 0 3.20808)
(-2.20327 0 3.20298)
(2.26201 0 1.64404)
(0.653085 0 3.30091)
(0.341915 0 3.27061)
(-0.0693595 0 3.25552)
(1.22209 0 3.24435)
(0.322245 0 0.243004)
(-0.953765 0 0.361177)
(0.83487 0 3.26917)
(-2.06543 0 2.03986)
(0.468247 0 0.273688)
(-1.20826 0 3.41609)
(2.21045 0 3.01255)
(-0.389048 0 0.188517)
(1.60717 0 3.22039)
(2.23338 0 2.21931)
(-0.415382 0 3.25439)
(-1.36078 0 0.444321)
(0.776142 0 0.249674)
(2.00162 0 3.21129)
(-2.25078 0 1.61716)
(1.37084 0 0.333143)
(2.32913 0 1.32399)
(-0.688631 0 0.308513)
(-0.605706 0 0.297532)
(-2.20725 0 2.99981)
(2.2218 0 2.61225)
(-2.21285 0 2.3954)
(1.15016 0 0.300678)
(-2.13485 0 0.43822)
(2.28656 0 0.668371)
(-1.854 0 0.403776)
(1.48241 0 0.476068)
(1.9926 0 0.5789)
(0.263392 0 0.297416)
(-0.265067 0 0.347527)
(-0.265609 0 0.279918)
(0.266041 0 0.798147)
(0.0490041 0 1.16219)
(-0.277743 0 0.846447)
(0.214209 0 1.00463)
(-0.221994 0 1.05443)
(-1.04885 0 0.379506)
(0.20787 0 0.6094)
(1.59597 0 0.502387)
(-0.280733 0 0.728174)
(-0.0673322 0 1.2225)
(0.215235 0 0.503352)
(0.214151 0 0.40296)
(-2.48856 0 1.09923)
(0.223383 0 0.901826)
(-2.26296 0 0.668657)
(0.130243 0 3.25228)
(0.68336 0 3.11627)
(-0.233555 0 3.10207)
(-1.91158 0 1.87808)
(-1.24954 0 0.535518)
(1.23303 0 3.06543)
(-0.305273 0 0.665648)
(2.04709 0 2.4282)
(-0.535095 0 0.358199)
(1.62149 0 3.03069)
(-0.863858 0 0.434725)
(0.405745 0 0.329905)
(-2.12137 0 1.45316)
(0.2634 0 0.932467)
(0.261672 0 0.463137)
(0.301806 0 3.09768)
(-1.22327 0 3.22411)
(-2.04299 0 2.41109)
(-0.322906 0 0.40732)
(2.01853 0 3.02017)
(-0.280172 0 1.03424)
(1.14481 0 0.402577)
(1.37002 0 0.448079)
(-1.85288 0 0.541747)
(1.98748 0 0.726607)
(-0.325799 0 0.784461)
(-0.333834 0 0.910647)
(2.04758 0 2.15702)
(-2.08418 0 1.66585)
(0.269423 0 0.857617)
(-0.641512 0 3.24443)
(2.28104 0 0.860533)
(1.02712 0 3.25637)
(0.324788 0 0.303525)
(-2.05645 0 2.22007)
(-2.28983 0 1.12967)
(-0.0123308 0 3.1024)
(-1.00408 0 3.23462)
(-0.394294 0 0.25218)
(-0.616483 0 0.373103)
(0.264584 0 0.617192)
(2.09016 0 1.82457)
(2.21772 0 2.81092)
(-2.01229 0 3.00828)
(0.696257 0 0.31945)
(0.860723 0 0.350265)
(-2.02013 0 2.8059)
(2.2487 0 1.20381)
(-1.60937 0 3.21328)
(-2.00645 0 3.20703)
(0.318191 0 0.73652)
(1.04763 0 0.386514)
(0.265688 0 0.351116)
(-1.47707 0 0.464551)
(0.538779 0 0.286347)
(-1.72138 0 0.513611)
(0.105357 0 1.17089)
(-0.226726 0 1.11183)
(1.85227 0 0.692389)
(-1.14466 0 0.40082)
(-0.773615 0 0.326046)
(-0.954217 0 0.452638)
(0.220497 0 1.06389)
(-0.0117111 0 1.2229)
(1.47583 0 0.597401)
(1.59766 0 0.621446)
(-0.125422 0 1.22722)
(-0.327721 0 0.296486)
(-1.98834 0 0.574854)
(0.492741 0 3.30337)
(2.13242 0 0.777438)
(-2.12418 0 0.602949)
(2.26432 0 1.46506)
(0.255706 0 0.57186)
(0.225336 0 1.12532)
(-0.190314 0 1.23406)
(-0.0674239 0 2.94615)
(1.9294 0 1.83518)
(0.948968 0 0.46813)
(1.46935 0 0.720725)
(-1.03996 0 3.0617)
(-0.863366 0 0.526613)
(-1.5924 0 0.632724)
(0.618733 0 0.382307)
(-1.86089 0 2.43175)
(-2.11526 0 1.0761)
(-0.546667 0 0.430776)
(-1.42762 0 3.03584)
(-1.84913 0 0.682934)
(1.84127 0 0.834796)
(1.05766 0 3.07663)
(2.02867 0 2.82942)
(-1.83002 0 2.81895)
(-0.7771 0 0.411185)
(-0.287785 0 1.09801)
(-0.458001 0 0.339887)
(-1.14349 0 0.504414)
(2.1108 0 1.03618)
(-1.92056 0 1.70148)
(2.15865 0 1.32136)
(-2.11527 0 0.784814)
(-0.463792 0 3.07979)
(1.35942 0 0.568682)
(-2.11102 0 1.25338)
(0.5098 0 3.14062)
(0.840299 0 3.09315)
(-0.264679 0 0.542695)
(0.336734 0 0.368389)
(-0.261612 0 0.467242)
(2.03516 0 2.62106)
(-0.259639 0 0.615576)
(1.4126 0 3.04653)
(-0.815401 0 3.09027)
(1.80843 0 3.02585)
(1.90607 0 2.00079)
(1.2586 0 0.428002)
(-1.61123 0 3.01974)
(-1.81995 0 3.01821)
(2.11209 0 1.67753)
(1.97935 0 0.877673)
(0.137663 0 3.09085)
(-0.695703 0 0.389409)
(1.04629 0 0.485634)
(-1.89983 0 2.04384)
(-0.387919 0 0.314494)
(-1.3633 0 0.557158)
(0.776633 0 0.33381)
(0.327717 0 0.798096)
(-0.343472 0 0.845801)
(0.165413 0 1.17988)
(-0.23988 0 1.17299)
(0.27601 0 1.00362)
(0.276074 0 0.417734)
(1.58762 0 0.750548)
(0.470972 0 0.34386)
(0.0452015 0 1.21447)
(0.318867 0 0.624307)
(0.33798 0 0.675697)
(-0.341884 0 1.04681)
(-0.350218 0 0.980841)
(-1.04706 0 0.476233)
(-0.340843 0 0.721151)
(-0.0765248 0 1.27712)
(2.1238 0 0.921963)
(0.270318 0 0.521272)
(-0.338385 0 0.349491)
(-1.93426 0 1.51382)
(2.45801 0 1.45269)
(0.54622 0 3.45314)
(2.0839 0 2.28534)
(0.229151 0 1.19026)
(-0.256772 0 1.23868)
(-0.900738 0 2.88155)
(-1.76823 0 1.54573)
(1.77038 0 1.84895)
(0.949126 0 0.563889)
(1.46503 0 0.846085)
(-1.25033 0 0.648307)
(0.930424 0 2.95217)
(-0.410952 0 1.04634)
(0.379272 0 0.608263)
(-0.386935 0 0.657145)
(0.462754 0 2.94404)
(1.43853 0 2.87407)
(0.0943231 0 2.9291)
(1.8676 0 2.4429)
(1.84013 0 2.84773)
(-0.465757 0 0.407708)
(0.335224 0 0.938473)
(-1.75266 0 1.8835)
(-1.95264 0 1.13039)
(-0.397559 0 0.911776)
(0.37527 0 0.737202)
(1.24832 0 0.537771)
(-1.04375 0 0.574349)
(-0.228133 0 2.94449)
(0.307775 0 0.46811)
(1.84119 0 2.14103)
(-1.94734 0 1.31741)
(1.35055 0 0.691266)
(-1.88542 0 2.22056)
(0.331017 0 0.867588)
(2.09244 0 1.50522)
(-1.44199 0 2.85283)
(-0.324478 0 0.47549)
(-2.07764 0 0.923973)
(-1.65111 0 2.84417)
(-1.84504 0 2.61241)
(-0.637223 0 3.06733)
(0.54216 0 0.362112)
(-1.24133 0 3.044)
(-0.307222 0 1.16513)
(1.05987 0 2.9036)
(0.69645 0 0.399616)
(0.856839 0 0.443399)
(-0.39246 0 0.379184)
(-0.318067 0 0.599485)
(1.96059 0 1.66192)
(-0.695251 0 0.472413)
(1.14721 0 0.507817)
(-0.619582 0 0.449923)
(-0.774234 0 0.502247)
(0.102514 0 1.233)
(-0.385861 0 0.784141)
(-1.47633 0 0.58827)
(1.70885 0 0.792219)
(-1.72167 0 0.641302)
(0.399074 0 0.390067)
(0.283152 0 1.06923)
(-0.952123 0 0.547991)
(-0.0248515 0 1.28115)
(1.82562 0 0.980052)
(1.98854 0 1.0379)
(-0.360641 0 1.10853)
(2.09898 0 1.16159)
(-0.136817 0 1.28977)
(-1.97829 0 0.72641)
(0.314373 0 0.573277)
(0.336511 0 0.421988)
(-0.432848 0 1.11746)
(-0.0555969 0 2.79691)
(0.892003 0 2.77978)
(1.81163 0 1.70946)
(-0.775267 0 0.590919)
(1.82435 0 1.12929)
(1.3401 0 0.815161)
(0.615799 0 0.464164)
(0.853837 0 0.538356)
(-1.59175 0 0.762636)
(1.92439 0 1.47587)
(-0.469725 0 0.478652)
(0.382774 0 0.463983)
(-1.71554 0 2.24776)
(-1.25801 0 2.87476)
(0.397871 0 0.874851)
(-1.83565 0 0.824442)
(1.13704 0 0.614933)
(1.69211 0 0.939485)
(-0.947917 0 0.643749)
(-1.78119 0 1.37316)
(0.625938 0 2.96296)
(-0.385876 0 0.590173)
(-0.510835 0 2.92452)
(-0.327052 0 1.23822)
(0.275967 0 2.93777)
(1.8539 0 2.65095)
(-0.682813 0 2.90999)
(0.383676 0 0.540161)
(-1.66341 0 2.65119)
(-1.73859 0 2.05223)
(1.22972 0 2.89442)
(-0.39341 0 0.44737)
(1.63834 0 2.85923)
(-1.76266 0 1.72516)
(0.390614 0 0.805558)
(-0.332025 0 0.541307)
(1.97391 0 1.30826)
(0.469764 0 0.41404)
(-1.14274 0 0.608843)
(-1.9803 0 0.99751)
(1.73625 0 2.00556)
(-1.3629 0 0.669801)
(-0.545511 0 0.505735)
(-0.617429 0 0.527399)
(1.04203 0 0.586556)
(1.23444 0 0.656515)
(0.342773 0 1.00816)
(0.164861 0 1.24556)
(-0.408485 0 0.718701)
(0.32973 0 0.519996)
(0.398618 0 0.676122)
(-0.423835 0 0.975151)
(0.767254 0 0.41944)
(1.95736 0 1.17898)
(0.0348984 0 1.27932)
(-0.424214 0 0.844057)
(0.29063 0 1.1344)
(1.58014 0 0.884369)
(-0.378305 0 1.17852)
(-0.0677894 0 1.33252)
(-0.204339 0 1.30171)
(-1.7702 0 1.17314)
(-1.96581 0 0.871724)
(-0.375728 0 2.95098)
(1.92649 0 2.27819)
(-1.47385 0 0.707907)
(-0.691865 0 0.553943)
(0.231644 0 1.25811)
(-0.399952 0 1.25127)
(-0.534889 0 2.75923)
(1.66582 0 1.69966)
(-1.63347 0 1.40622)
(-1.59478 0 1.90935)
(1.34243 0 0.936236)
(0.85764 0 0.629842)
(0.452524 0 0.742473)
(-1.25005 0 0.761091)
(1.26906 0 2.69479)
(-0.692178 0 0.637637)
(-0.451381 0 0.776436)
(-1.28428 0 2.7041)
(1.6776 0 1.07696)
(0.448589 0 0.545998)
(1.67497 0 2.47486)
(-0.209512 0 2.80098)
(-0.44585 0 0.649172)
(1.1262 0 0.713937)
(1.70007 0 2.1279)
(-1.47102 0 0.830981)
(0.77062 0 0.508115)
(0.609798 0 2.82513)
(1.84937 0 1.23933)
(-0.461286 0 0.904019)
(-0.490078 0 1.0437)
(-1.82291 0 0.98111)
(0.421929 0 2.77644)
(0.0917909 0 2.78187)
(-1.56237 0 2.09327)
(1.07506 0 2.7423)
(-1.47652 0 2.66528)
(-1.10097 0 2.90981)
(-1.69044 0 2.42926)
(1.4635 0 2.6998)
(-0.472322 0 0.567972)
(-1.62463 0 1.5783)
(-0.396306 0 0.516827)
(1.66871 0 2.68269)
(-0.708886 0 2.74759)
(1.61695 0 1.85212)
(0.536108 0 0.441238)
(0.94631 0 0.657155)
(1.45185 0 0.970921)
(-1.03836 0 0.673597)
(0.459283 0 0.813139)
(0.452782 0 0.483606)
(1.22232 0 0.776501)
(0.455105 0 0.610294)
(-0.546493 0 0.578306)
(0.404389 0 0.945867)
(-1.71816 0 0.781003)
(1.78094 0 1.54924)
(0.0968964 0 1.29982)
(0.35008 0 1.07569)
(-0.862573 0 0.618317)
(0.296985 0 1.20254)
(-0.144246 0 1.35956)
(0.741263 0 2.76452)
(0.691886 0 0.482021)
(-0.451852 0 1.1899)
(-0.275868 0 1.31002)
(-0.00415936 0 1.32291)
(1.81016 0 1.3659)
(0.77055 0 2.92755)
(1.73264 0 2.26055)
(1.56026 0 1.01733)
(-1.14269 0 0.716441)
(0.301793 0 1.27367)
(-0.196448 0 2.66087)
(-0.475348 0 1.26513)
(-0.564829 0 2.60779)
(1.51297 0 1.70716)
(-1.48835 0 1.46613)
(1.22506 0 0.888654)
(-1.4408 0 1.9283)
(-1.14324 0 0.823394)
(0.744795 0 2.61543)
(1.32706 0 1.05644)
(0.860508 0 0.740768)
(0.52358 0 0.742083)
(-0.853987 0 0.708772)
(-1.30679 0 2.53273)
(0.620315 0 0.540059)
(-0.86669 0 2.71701)
(1.10426 0 2.57111)
(1.57551 0 2.31615)
(0.766962 0 0.600713)
(-0.52522 0 0.649686)
(-1.58906 0 0.895827)
(1.54531 0 1.1434)
(1.66143 0 1.39698)
(-1.07293 0 2.74845)
(0.524933 0 0.540193)
(1.50183 0 2.51925)
(-1.48016 0 2.45566)
(-1.54071 0 2.29128)
(1.7017 0 1.23125)
(0.229804 0 2.7875)
(-0.37096 0 2.79477)
(0.576835 0 2.65316)
(1.63604 0 1.55275)
(-1.67158 0 1.01928)
(-0.0525995 0 2.65345)
(-1.61367 0 1.7312)
(1.58638 0 2.00064)
(-0.944372 0 0.740636)
(0.16202 0 1.31529)
(-0.485625 0 0.713621)
(0.472218 0 0.676847)
(-0.510587 0 1.11384)
(-0.615886 0 0.60451)
(0.46788 0 0.882118)
(-1.35939 0 0.790982)
(-0.500732 0 0.968296)
(0.411674 0 1.01596)
(-0.774022 0 0.676169)
(0.358755 0 1.14453)
(1.02384 0 0.686511)
(1.11374 0 0.824397)
(0.689495 0 0.565176)
(-0.219159 0 1.37464)
(-1.63177 0 1.265)
(-0.349893 0 1.31728)
(-0.495585 0 0.833235)
(0.04292 0 1.33007)
(-0.0726165 0 1.40835)
(-1.71321 0 0.906227)
(-1.03938 0 0.77691)
(0.617577 0 2.50977)
(-0.19077 0 2.52474)
(1.22438 0 0.997828)
(-1.03939 0 0.88108)
(-1.48737 0 1.3065)
(-1.35329 0 0.907177)
(-0.766422 0 0.76222)
(0.766447 0 0.69279)
(-0.551384 0 0.720655)
(-1.46287 0 1.76362)
(1.41871 0 2.35681)
(0.555404 0 0.679873)
(-1.1297 0 2.56991)
(1.02305 0 0.786789)
(0.290799 0 2.63702)
(-0.313234 0 2.67244)
(1.21536 0 2.50952)
(-1.48095 0 1.59553)
(-1.53287 0 1.03227)
(0.90108 0 2.60849)
(0.100164 0 2.63443)
(1.51995 0 1.4228)
(1.53819 0 1.28924)
(1.49557 0 1.56306)
(0.434749 0 2.63096)
(-1.42203 0 2.0763)
(1.4734 0 1.85828)
(-0.712095 0 2.59358)
(-0.848241 0 0.802854)
(0.532389 0 0.814478)
(0.231163 0 1.33108)
(1.56483 0 2.1526)
(-0.148144 0 1.43469)
(-0.533277 0 1.1882)
(0.603576 0 0.614861)
(-0.557394 0 1.03574)
(1.11568 0 0.927828)
(-1.24786 0 0.868789)
(0.476079 0 0.954144)
(-0.535426 0 0.893194)
(0.523574 0 0.615242)
(0.420684 0 1.08615)
(-0.612795 0 0.68771)
(0.368335 0 1.21731)
(-1.39475 0 2.3075)
(-0.293799 0 1.38644)
(0.0908199 0 1.3718)
(0.684371 0 0.646311)
(1.43345 0 1.09804)
(0.949183 0 0.753688)
(-0.427025 0 1.32788)
(-0.000528574 0 1.37755)
(-1.45937 0 0.936991)
(-0.687466 0 0.72696)
(-0.940737 0 0.836949)
(-0.523598 0 0.77563)
(0.304676 0 1.34829)
(-0.071026 0 1.48819)
(-0.507231 0 1.34216)
(-0.576351 0 2.46574)
(0.207992 0 2.48232)
(1.11078 0 1.03782)
(-1.37645 0 1.40997)
(-1.31862 0 1.78396)
(-0.938571 0 0.937319)
(-1.24014 0 0.980403)
(1.38932 0 1.46058)
(0.763337 0 0.777101)
(1.21235 0 1.1102)
(0.93451 0 2.44681)
(1.40239 0 2.19781)
(-0.75881 0 0.853263)
(0.584911 0 0.744704)
(1.37724 0 1.72795)
(-0.839682 0 2.56734)
(-0.319348 0 2.54615)
(1.41684 0 1.21646)
(0.479893 0 2.49788)
(0.91725 0 0.843202)
(0.765698 0 2.4767)
(1.43598 0 2.01271)
(-1.49885 0 1.15964)
(1.10264 0 2.41163)
(0.0733464 0 1.44064)
(-0.0511968 0 2.51598)
(-1.29633 0 1.93057)
(0.671449 0 0.739636)
(-0.604784 0 0.773369)
(1.01196 0 0.891615)
(-0.558455 0 1.26814)
(0.541235 0 0.887799)
(0.155917 0 1.38832)
(-0.590682 0 1.10755)
(-1.13995 0 0.930067)
(-0.227357 0 1.45258)
(-0.583928 0 0.956908)
(0.483957 0 1.02738)
(0.431677 0 1.15907)
(-1.14405 0 2.40945)
(0.37645 0 1.29161)
(-0.970134 0 2.58204)
(-0.556876 0 0.830904)
(-0.370995 0 1.39691)
(0.619942 0 0.685077)
(-0.426628 0 2.64299)
(-0.685458 0 0.814474)
(-1.33431 0 1.63724)
(1.35549 0 2.52169)
(0.000992883 0 1.46249)
(1.30665 0 1.16908)
(0.381852 0 1.3704)
(0.608848 0 2.36577)
(-0.187252 0 2.39222)
(1.11509 0 1.15142)
(-0.592504 0 1.35223)
(-1.20165 0 1.65876)
(0.956921 0 2.2995)
(0.150521 0 1.46635)
(1.28683 0 2.03987)
(0.910035 0 0.941259)
(-0.635692 0 1.02918)
(-1.12932 0 1.03905)
(0.684733 0 0.825593)
(-1.2782 0 2.07397)
(1.19674 0 1.22487)
(1.33156 0 1.86817)
(0.0811483 0 2.50384)
(-0.696833 0 0.88624)
(1.36507 0 1.5956)
(-1.1832 0 1.79339)
(-0.70943 0 2.44606)
(-0.98836 0 2.42763)
(-1.36469 0 1.18429)
(-1.34382 0 1.30716)
(1.26474 0 2.3519)
(1.004 0 1.0029)
(-1.37426 0 1.03598)
(0.229402 0 1.40778)
(-0.151806 0 1.51599)
(-0.617994 0 1.18438)
(-0.847206 0 0.895375)
(0.605623 0 0.81641)
(-1.62085 0 1.13735)
(-1.03456 0 0.984711)
(0.548309 0 0.964503)
(1.29457 0 1.28469)
(-0.307148 0 1.467)
(-0.000508901 0 1.54675)
(0.495748 0 1.10205)
(-0.441725 0 2.49968)
(0.345019 0 2.49265)
(0.443902 0 1.23624)
(0.823726 0 0.826183)
(1.40877 0 1.34716)
(-0.453242 0 1.40962)
(-0.619475 0 0.873214)
(0.788501 0 2.32262)
(-1.29123 0 2.36388)
(0.657847 0 2.21158)
(0.106513 0 2.3948)
(-0.575225 0 2.33001)
(1.0816 0 1.26208)
(0.902284 0 1.04455)
(-1.07552 0 1.667)
(-1.02415 0 1.08876)
(1.18661 0 1.89415)
(-0.843793 0 0.989838)
(-1.2247 0 1.31981)
(0.22965 0 1.48731)
(0.812574 0 0.915144)
(-0.995807 0 2.28107)
(1.27257 0 1.48418)
(-0.0438777 0 2.37891)
(0.825204 0 2.17753)
(-1.14125 0 2.24678)
(-1.24484 0 1.10032)
(0.466842 0 2.36095)
(1.1072 0 2.25778)
(1.21853 0 2.16765)
(-0.319351 0 2.40302)
(-1.13965 0 1.93989)
(1.00452 0 1.12115)
(1.24347 0 1.72343)
(-0.844165 0 2.43594)
(-0.0736381 0 1.57086)
(-0.646655 0 1.26681)
(0.619023 0 0.886247)
(-0.757674 0 0.940837)
(0.306423 0 1.42801)
(-0.676844 0 1.09865)
(-0.234989 0 1.53556)
(1.19656 0 1.36035)
(-1.20653 0 1.52864)
(0.56017 0 1.04122)
(-0.389553 0 1.48053)
(0.069309 0 1.52247)
(0.509611 0 1.17933)
(0.455029 0 1.31386)
(0.192362 0 2.354)
(-0.673555 0 0.953614)
(-0.537381 0 1.42621)
(-1.29217 0 2.20182)
(0.755208 0 0.867348)
(-0.933451 0 1.03825)
(0.463945 0 1.39692)
(-0.177671 0 2.27172)
(0.684073 0 2.07744)
(1.06079 0 1.37576)
(-0.626549 0 1.44025)
(0.902537 0 1.1445)
(-1.088 0 1.54765)
(1.09809 0 1.75797)
(-0.924176 0 1.13956)
(0.803068 0 1.01406)
(0.0738991 0 2.26772)
(-0.851987 0 2.29182)
(0.312329 0 1.50982)
(1.14177 0 2.02213)
(-1.00294 0 2.12931)
(0.987794 0 2.15306)
(0.507393 0 2.20603)
(-1.05163 0 1.7968)
(-0.716297 0 2.31324)
(0.308835 0 2.36)
(-1.14245 0 2.09862)
(1.2352 0 1.58818)
(-1.12872 0 1.14914)
(0.146122 0 1.54995)
(-0.0149856 0 1.61964)
(-0.682904 0 1.35644)
(0.633643 0 0.969615)
(-0.445492 0 2.35936)
(-0.704363 0 1.17732)
(-0.158283 0 1.60109)
(-0.320078 0 1.55196)
(-1.24971 0 1.42478)
(-0.741582 0 1.02701)
(0.682936 0 0.898846)
(-1.23619 0 1.22246)
(0.969474 0 1.23203)
(0.573884 0 1.11976)
(0.388364 0 1.4525)
(-0.475532 0 1.49672)
(0.523108 0 1.25814)
(1.09525 0 2.12344)
(-0.838551 0 1.07815)
(-1.35605 0 1.51038)
(1.31236 0 1.38739)
(0.733083 0 0.951189)
(-1.43734 0 2.20296)
(-0.583665 0 2.1995)
(0.473898 0 1.48166)
(0.947437 0 1.34539)
(-0.721542 0 1.4491)
(0.801796 0 1.11568)
(-1.12255 0 1.26819)
(0.357435 0 2.22977)
(-0.978173 0 1.55398)
(-0.867363 0 2.15609)
(1.11843 0 1.61998)
(1.0218 0 2.01976)
(-1.01057 0 1.89799)
(0.809684 0 2.05518)
(-1.1278 0 1.40201)
(0.208097 0 2.24401)
(-0.817619 0 1.18185)
(1.16633 0 1.48432)
(-0.0607366 0 2.26386)
(-0.954638 0 1.6706)
(-0.30563 0 2.26873)
(1.05734 0 1.8906)
(0.867788 0 1.24379)
(-0.741139 0 1.26687)
(-0.0796049 0 1.65746)
(0.225907 0 1.57442)
(0.720207 0 1.03741)
(-0.245509 0 1.62259)
(0.39789 0 1.53688)
(-1.02274 0 1.19106)
(0.642139 0 1.0709)
(-0.407781 0 1.5686)
(0.589346 0 1.20069)
(-1.01167 0 2.00149)
(-0.564748 0 1.51541)
(0.53729 0 1.34172)
(-0.758848 0 1.10548)
(0.0611406 0 1.61338)
(0.24313 0 2.11881)
(0.486782 0 1.57024)
(-0.181705 0 2.15194)
(1.00931 0 1.64033)
(0.684691 0 1.955)
(0.839122 0 1.35061)
(-0.88605 0 2.03379)
(-0.826582 0 1.28514)
(0.748302 0 1.21688)
(-1.00021 0 1.42647)
(0.956219 0 1.45326)
(-0.0224728 0 2.14773)
(-0.866686 0 1.55841)
(-0.730881 0 2.18087)
(0.378029 0 2.10727)
(-1.00884 0 1.3127)
(-0.44835 0 2.2319)
(-0.934364 0 1.78999)
(0.972134 0 1.76189)
(0.940134 0 1.902)
(1.04278 0 1.52374)
(0.308438 0 1.60101)
(0.142716 0 1.6347)
(0.0028895 0 1.69707)
(-0.165731 0 1.68926)
(0.637506 0 1.14681)
(-0.334913 0 1.64181)
(-0.77899 0 1.36208)
(-0.498318 0 1.58751)
(-0.665427 0 1.53766)
(0.607843 0 1.27791)
(0.550538 0 1.42816)
(0.704094 0 1.13417)
(-0.918005 0 1.24407)
(0.919575 0 2.04127)
(-0.450216 0 2.10266)
(0.108324 0 1.71486)
(0.88386 0 1.6537)
(-0.0722596 0 2.0255)
(0.278795 0 1.9908)
(-0.752611 0 2.05439)
(0.848974 0 1.45743)
(0.576562 0 1.96341)
(0.75265 0 1.31453)
(0.119221 0 2.13317)
(-0.310998 0 2.14105)
(0.477905 0 2.07893)
(-0.897023 0 1.36629)
(0.847652 0 1.77449)
(-0.841592 0 1.6681)
(0.664256 0 1.20922)
(-0.0789749 0 1.75094)
(0.807144 0 1.93273)
(0.395431 0 1.63057)
(-0.766504 0 1.55325)
(-0.906626 0 1.90798)
(0.218825 0 1.66346)
(-0.258029 0 1.71445)
(-0.427423 0 1.66102)
(-0.595892 0 1.61157)
(0.646575 0 1.36125)
(0.929443 0 1.54889)
(0.563851 0 1.51728)
(-0.823752 0 1.45646)
(-0.608747 0 2.07112)
(-0.485542 0 1.98041)
(0.489999 0 1.66677)
(0.21018 0 1.77919)
(0.765981 0 1.64696)
(-0.636793 0 1.95435)
(0.0533294 0 2.01743)
(0.577185 0 1.84128)
(0.397771 0 2.00358)
(-0.715928 0 1.66187)
(0.744843 0 1.41176)
(-0.22023 0 2.03113)
(-0.777639 0 1.92857)
(-0.792539 0 1.79518)
(0.00833215 0 1.81013)
(0.168063 0 2.03868)
(-0.169472 0 1.79046)
(0.305063 0 1.69866)
(-0.351742 0 1.73626)
(0.833744 0 1.5665)
(-0.913168 0 1.47232)
(-0.523056 0 1.68293)
(0.707316 0 1.78763)
(0.650594 0 1.46665)
(0.578611 0 1.61143)
(0.56439 0 2.07907)
(-0.357902 0 2.01494)
(0.683925 0 1.27596)
(0.333981 0 1.80683)
(-0.40808 0 1.91976)
(-0.509146 0 1.86541)
(-0.700495 0 1.75647)
(-0.167406 0 1.90563)
(0.587412 0 1.72102)
(0.750239 0 1.51754)
(-0.0345617 0 1.91986)
(0.0563678 0 1.90285)
(0.250455 0 1.87846)
(0.406395 0 1.73327)
(-0.271117 0 1.8115)
(0.108902 0 1.83365)
(-0.625002 0 1.72123)
(-0.454936 0 1.75965)
(-0.0884164 0 1.8354)
(0.466255 0 1.85506)
(-0.299128 0 1.9196)
(0.47601 0 1.97928)
(0.664637 0 1.56893)
(-0.660949 0 1.83258)
(0.505449 0 1.76348)
(0.367211 0 1.919)
(-0.382358 0 1.83536)
(-0.554618 0 1.77236)
(0.665864 0 1.66335)
(0.145837 0 1.93318)
(0.178843 0 1.85612)
(-0.05 0.3 1.05)
(0.8 0.3 3.8)
(2.81119 0.3 1.61119)
(-2.8 0.3 1.6)
(-0.417347 0.3 3.80124)
(0.1 0.3 0.95)
(-0.1 0.3 1)
(1.35346 0.3 0.111674)
(-1.35119 0.3 0.111598)
(-0.835523 0.3 0.0837312)
(0.765794 0.3 0.0829365)
(-0.1 0.3 0.5)
(-1.40034 0.3 3.80043)
(0.1 0.3 0.45)
(2.8 0.3 2.4)
(1.85457 0.3 0.135711)
(-1.85164 0.3 0.13613)
(-0.450295 0.3 0.0654058)
(1.6 0.3 3.8)
(-2.8 0.3 2.4)
(0.329032 0.3 0.0617008)
(-0.1 0.3 0.25)
(2.80011 0.3 3.00012)
(2.8 0.3 0.8)
(-2.80995 0.3 0.993081)
(-2.43396 0.3 0.159478)
(0.1 0.3 0.15)
(2.4 0.3 3.8)
(-2.2 0.3 3.8)
(0.1 0.3 0.65)
(-0.1 0.3 0.7)
(2.45303 0.3 0.159713)
(-0.259142 0.3 0.0564197)
(-0.1 0.3 0.1)
(-2.8 0.3 3.2)
(-0.671635 0.3 0.0758818)
(2.86308e-15 0.3 3.8)
(0.942601 0.3 0.0916866)
(0.460445 0.3 0.0681633)
(-1 0.3 3.8)
(2.8 0.3 3.4)
(2.8 0.3 3.6)
(0.0999553 0.3 0.0499553)
(0.1 0.3 0.25)
(-0.1 0.3 0.35)
(0.1 0.3 0.75)
(-0.1 0.3 0.8)
(-2.8 0.3 0.2)
(2.8 0.3 0.2)
(0.606968 0.3 0.074789)
(1.1379 0.3 0.101124)
(-1.23544 0.3 0.102287)
(0.2091 0.3 0.0557856)
(1.59181 0.3 0.123432)
(-1.58891 0.3 0.124689)
(-1.01991 0.3 0.0924294)
(-2.80262 0.3 0.593308)
(2.8 0.3 0.4)
(2.8 0.3 1)
(2.80221 0.3 1.21532)
(2.80172 0.3 1.80172)
(-2.8 0.3 1.4)
(-2.8 0.3 1.8)
(0.4 0.3 3.8)
(-0.616611 0.3 3.80143)
(1 0.3 3.8)
(2.80255 0.3 2.00079)
(-0.203296 0.3 0.0560932)
(-0.383064 0.3 0.0622607)
(-0.593995 0.3 0.0723256)
(1.9953 0.3 0.14247)
(-2.13378 0.3 0.144655)
(2.14174 0.3 0.15091)
(2.8 0.3 2.6)
(-2.8 0.3 2)
(-2.8 0.3 2.6)
(1.8 0.3 3.8)
(1.19955 0.3 3.80215)
(1.99961 0.3 3.80069)
(-1.8 0.3 3.8)
(2.6 0.3 3.8)
(2.8 0.3 3.8)
(-2.8 0.3 3.8)
(-2.6 0.3 3.8)
(-2.8 0.3 3.4)
(-2.80074 0.3 2.79956)
(-0.100366 0.3 0.0495923)
(0.100655 0.3 0.300142)
(0.101155 0.3 0.350053)
(-0.1 0.3 0.15)
(-0.100345 0.3 0.403726)
(0.1 0.3 0.55)
(0.102826 0.3 0.79745)
(-0.1 0.3 0.55)
(0.0978953 0.3 0.847274)
(7.50708e-16 0.3 1.05)
(-0.1 0.3 0.6)
(-0.1 0.3 0.85)
(-0.1 0.3 0.9)
(0.0507297 0.3 1.05213)
(-0.0540859 0.3 1.10512)
(2.62786 0.3 1.59522)
(0.810606 0.3 3.61625)
(-2.61719 0.3 1.61929)
(-0.590408 0.3 3.60959)
(-1.24373 0.3 0.209683)
(-0.155571 0.3 0.795725)
(0.149714 0.3 0.80075)
(-0.601229 0.3 0.14765)
(1.85803 0.3 0.273114)
(-0.152131 0.3 0.347869)
(-0.153725 0.3 0.546437)
(2.60193 0.3 2.40193)
(1.60161 0.3 3.60161)
(-2.60166 0.3 2.40166)
(2.62268 0.3 0.818717)
(0.149592 0.3 0.301155)
(-2.6 0.3 3.2)
(-0.206695 0.3 0.109612)
(2.61162 0.3 1.18838)
(-2.80626 0.3 0.390112)
(2.80581 0.3 0.605813)
(-2.80636 0.3 0.793636)
(-2.81606 0.3 1.18567)
(2.80791 0.3 1.42647)
(-0.237394 0.3 3.80522)
(0.594861 0.3 3.80514)
(0.194861 0.3 3.80514)
(2.60748 0.3 1.80748)
(-2.61216 0.3 1.80763)
(1.16251 0.3 3.60986)
(0.154235 0.3 0.0530022)
(0.852546 0.3 0.0877077)
(1.03841 0.3 0.0968896)
(0.684234 0.3 0.0794459)
(1.24365 0.3 0.106941)
(0.531652 0.3 0.0723424)
(1.47018 0.3 0.118158)
(0.393505 0.3 0.0652293)
(-0.818912 0.3 3.80286)
(1.72023 0.3 0.131223)
(-1.46807 0.3 0.114183)
(-1.7184 0.3 0.127994)
(-0.51374 0.3 0.0687908)
(-0.748091 0.3 0.0794263)
(-0.918776 0.3 0.0881952)
(-1.09942 0.3 0.0964233)
(0.268379 0.3 0.0594114)
(-0.313478 0.3 0.0592556)
(-2.27334 0.3 0.151934)
(2.8011 0.3 2.2011)
(-2.80302 0.3 2.19698)
(1.397 0.3 3.803)
(-1.20042 0.3 3.80042)
(-2.60118 0.3 2.60118)
(1.80118 0.3 3.60118)
(1.99692 0.3 0.287655)
(2.80028 0.3 2.80028)
(-0.151359 0.3 0.0485963)
(-1.60021 0.3 3.80031)
(2.19952 0.3 3.80048)
(-2.80047 0.3 2.99953)
(2.80008 0.3 3.20008)
(-0.151913 0.3 0.0980866)
(-2 0.3 3.8)
(2.60043 0.3 3.40043)
(2.40009 0.3 3.60009)
(2.60007 0.3 3.60007)
(-2.4 0.3 3.8)
(-2.8 0.3 3.6)
(-1.99207 0.3 0.139152)
(2.29248 0.3 0.160554)
(-2.62115 0.3 0.168121)
(2.6282 0.3 0.172222)
(0.100306 0.3 0.100262)
(0.102311 0.3 1.00127)
(0.103655 0.3 0.198184)
(-0.103711 0.3 0.20177)
(-0.109765 0.3 0.298919)
(0.101049 0.3 0.401049)
(0.101104 0.3 0.601104)
(0.101104 0.3 0.501104)
(-0.103884 0.3 0.451139)
(0.103774 0.3 0.698272)
(0.109827 0.3 0.900701)
(-0.104242 0.3 0.651368)
(-0.114235 0.3 0.748162)
(-0.104567 0.3 1.05229)
(-0.153825 0.3 0.846175)
(-0.104997 0.3 0.9504)
(0.104269 0.3 1.05507)
(-0.10856 0.3 1.10801)
(2.43496 0.3 1.62611)
(-2.42836 0.3 1.62612)
(-0.209538 0.3 0.790248)
(1.24972 0.3 0.211745)
(-1.58855 0.3 0.250246)
(0.608837 0.3 0.150985)
(0.149811 0.3 0.555799)
(-2.40634 0.3 2.40586)
(-1.20344 0.3 3.60348)
(1.60568 0.3 3.40886)
(1.85907 0.3 0.409293)
(-1.99028 0.3 0.281859)
(2.40057 0.3 3.40054)
(-0.324724 0.3 0.120946)
(-2.61874 0.3 0.779961)
(-0.153914 0.3 0.996141)
(0.187727 0.3 3.61686)
(0.267904 0.3 0.119298)
(-1.80031 0.3 3.60031)
(0.857527 0.3 0.174045)
(-0.845023 0.3 0.169017)
(2.45559 0.3 0.324379)
(-2.28698 0.3 0.306265)
(0.142813 0.3 0.950288)
(-0.769941 0.3 3.62796)
(2.60888 0.3 2.20034)
(-2.60805 0.3 2.2067)
(0.153639 0.3 0.154365)
(1.47815 0.3 0.23437)
(-2.60248 0.3 2.7987)
(1.99892 0.3 3.60226)
(2.60339 0.3 2.8007)
(1.72873 0.3 0.25818)
(2.60106 0.3 3.20128)
(0.397071 0.3 0.129277)
(-2.6 0.3 3.6)
(-2.629 0.3 0.345759)
(0.152072 0.3 0.453121)
(0.154708 0.3 0.654057)
(0.15491 0.3 0.850479)
(2.62413 0.3 0.633354)
(-0.152111 0.3 0.25106)
(-0.153112 0.3 0.701538)
(-2.6407 0.3 1.19519)
(2.62201 0.3 1.3752)
(0.639682 0.3 3.62454)
(-2.62076 0.3 1.43024)
(1.39193 0.3 3.61832)
(-1.1409 0.3 0.197054)
(-0.188522 0.3 3.61662)
(-0.374532 0.3 3.6162)
(2.6111 0.3 1.99638)
(-2.61149 0.3 1.99998)
(2.61579 0.3 1.00417)
(-0.528331 0.3 0.140138)
(0.995959 0.3 3.61351)
(0.946377 0.3 0.183764)
(0.46407 0.3 0.136058)
(-0.93388 0.3 0.177847)
(-1.72049 0.3 0.257351)
(2.60377 0.3 2.59816)
(-0.263638 0.3 0.113941)
(-1.60153 0.3 3.60205)
(-2.60095 0.3 3.00047)
(2.2006 0.3 3.601)
(-2.1999 0.3 3.6001)
(-2.60024 0.3 3.39976)
(-0.151907 0.3 0.147041)
(-0.678311 0.3 0.152528)
(0.687172 0.3 0.158336)
(1.04193 0.3 0.193044)
(-1.35228 0.3 0.221479)
(2.14072 0.3 0.303739)
(2.64944 0.3 0.321601)
(0.153543 0.3 0.350988)
(-0.00134975 0.3 1.09679)
(-0.152085 0.3 0.396797)
(-0.15521 0.3 0.595497)
(-0.153644 0.3 0.49383)
(-0.153767 0.3 0.893987)
(0.151893 0.3 0.252886)
(0.152103 0.3 0.753207)
(-0.160388 0.3 0.301447)
(0.152902 0.3 0.105648)
(-0.165645 0.3 0.750259)
(0.669318 0.3 3.47157)
(-0.234118 0.3 3.44645)
(-1.24339 0.3 0.318573)
(0.950268 0.3 0.275701)
(0.201322 0.3 0.740099)
(-1.59338 0.3 0.376608)
(-0.849361 0.3 0.261233)
(-0.207069 0.3 0.541275)
(0.612184 0.3 0.225421)
(-0.209857 0.3 0.406074)
(2.41602 0.3 2.20987)
(-1.60453 0.3 3.40596)
(-0.52947 0.3 0.212725)
(-2.40627 0.3 2.80042)
(0.396359 0.3 0.197714)
(2.4426 0.3 1.01834)
(0.201997 0.3 0.241706)
(1.00724 0.3 3.42796)
(1.41416 0.3 3.41652)
(2.40999 0.3 2.60549)
(2.40216 0.3 3.20222)
(-0.205083 0.3 0.241596)
(-0.45532 0.3 0.13157)
(1.73932 0.3 0.379233)
(2.4698 0.3 1.33058)
(-2.61252 0.3 0.554272)
(0.336681 0.3 3.64756)
(-0.211157 0.3 0.169543)
(-2.62834 0.3 0.969531)
(-2.43891 0.3 1.44678)
(-0.997377 0.3 3.61493)
(-2.42659 0.3 2.00992)
(-2.43834 0.3 1.81637)
(2.45262 0.3 0.653446)
(-1.03151 0.3 0.185952)
(-0.388881 0.3 0.125254)
(0.204434 0.3 0.158602)
(1.59865 0.3 0.249342)
(-0.0023721 0.3 3.61385)
(-2.41749 0.3 2.21529)
(-2.40772 0.3 2.59933)
(2.00196 0.3 3.40616)
(1.80103 0.3 3.40736)
(0.535828 0.3 0.142411)
(0.771239 0.3 0.165734)
(2.42535 0.3 1.99322)
(2.42908 0.3 1.80519)
(1.14143 0.3 0.20389)
(1.3572 0.3 0.225176)
(0.33104 0.3 0.124394)
(-0.758632 0.3 0.160154)
(-1.40356 0.3 3.6033)
(-2.13435 0.3 0.290871)
(-0.269828 0.3 0.170022)
(-1.46749 0.3 0.228302)
(2.20231 0.3 3.40273)
(2.601 0.3 3.00151)
(-2.4474 0.3 0.325676)
(-2.40357 0.3 3.00089)
(-2.00035 0.3 3.60045)
(-2.40098 0.3 3.40008)
(-2.40008 0.3 3.60008)
(-0.602262 0.3 0.223324)
(2.2918 0.3 0.322508)
(-0.407678 0.3 3.43308)
(-0.774707 0.3 3.43553)
(-1.85231 0.3 0.270233)
(1.99319 0.3 0.436093)
(-0.154238 0.3 0.197873)
(0.160691 0.3 0.206479)
(-0.201166 0.3 0.348994)
(0.161029 0.3 0.706268)
(0.050537 0.3 1.10576)
(-0.15601 0.3 0.647102)
(0.203604 0.3 0.294753)
(0.156057 0.3 1.00317)
(-0.161402 0.3 1.0516)
(0.204369 0.3 0.794246)
(0.157036 0.3 0.406351)
(-0.0597105 0.3 1.16223)
(0.157722 0.3 0.508348)
(0.209393 0.3 0.108852)
(2.45148 0.3 0.492728)
(-0.15872 0.3 0.941562)
(-0.15474 0.3 0.440207)
(-0.205899 0.3 0.906393)
(-0.211689 0.3 0.848113)
(0.154272 0.3 0.605734)
(0.173194 0.3 0.901785)
(-0.201662 0.3 0.680865)
(-0.215938 0.3 0.732173)
(2.63107 0.3 0.462979)
(0.105548 0.3 1.11134)
(-0.115578 0.3 1.16633)
(2.26049 0.3 1.82739)
(-2.25331 0.3 1.80128)
(-0.233023 0.3 3.27144)
(0.253814 0.3 0.739123)
(1.71323 0.3 0.504472)
(-0.261508 0.3 0.907799)
(-0.248192 0.3 0.675755)
(-0.52867 0.3 0.286156)
(0.206597 0.3 0.451884)
(1.41657 0.3 3.2299)
(-0.264361 0.3 0.406729)
(-2.21567 0.3 2.5979)
(1.80775 0.3 3.21415)
(1.25276 0.3 0.320491)
(-2.44546 0.3 0.937326)
(-1.98847 0.3 0.42871)
(-0.260432 0.3 0.224227)
(0.194671 0.3 0.952394)
(0.254998 0.3 0.240493)
(2.40407 0.3 3.00529)
(2.20569 0.3 3.20626)
(-0.766857 0.3 0.241126)
(-1.47446 0.3 0.346942)
(0.537993 0.3 0.213763)
(2.28865 0.3 0.485332)
(0.206706 0.3 0.551925)
(-2.44317 0.3 1.26328)
(0.209029 0.3 0.351604)
(0.209953 0.3 0.8528)
(-0.209205 0.3 0.483453)
(0.36754 0.3 3.47242)
(-2.4295 0.3 0.734927)
(-2.2778 0.3 0.474887)
(-0.217737 0.3 1.00604)
(-0.209038 0.3 0.587933)
(-2.24071 0.3 2.0314)
(2.23042 0.3 2.03496)
(-1.00554 0.3 3.4219)
(-1.40969 0.3 3.40915)
(1.48528 0.3 0.353207)
(1.20057 0.3 3.42694)
(2.44993 0.3 0.834106)
(0.338533 0.3 0.18222)
(-0.679689 0.3 0.229774)
(0.824734 0.3 3.44481)
(-0.325294 0.3 0.18066)
(-0.460762 0.3 0.200132)
(0.4658 0.3 0.204605)
(0.163261 0.3 3.44262)
(-0.0513458 0.3 3.43108)
(-1.04652 0.3 0.280775)
(-0.938699 0.3 0.270254)
(0.261019 0.3 0.175883)
(2.41416 0.3 2.40831)
(-2.21031 0.3 2.80435)
(-1.35692 0.3 0.331501)
(2.41909 0.3 1.19031)
(2.40715 0.3 2.79905)
(0.692263 0.3 0.237874)
(0.860529 0.3 0.26114)
(1.04679 0.3 0.288756)
(1.60709 0.3 0.376043)
(-0.592493 0.3 3.42738)
(-2.27367 0.3 1.45302)
(-2.23227 0.3 2.21779)
(-1.99841 0.3 3.40235)
(-2.20006 0.3 3.40227)
(-1.79949 0.3 3.40424)
(-2.40218 0.3 3.1997)
(-1.72095 0.3 0.384858)
(1.85451 0.3 0.545439)
(2.14003 0.3 0.455832)
(-0.168515 0.3 1.10928)
(-0.264734 0.3 0.788533)
(-0.210131 0.3 0.293331)
(-1.14713 0.3 0.294368)
(0.160671 0.3 1.05927)
(-0.00559135 0.3 1.15849)
(-2.43934 0.3 0.520354)
(0.205155 0.3 0.659435)
(-0.2052 0.3 0.633477)
(0.216628 0.3 0.204633)
(-0.213198 0.3 0.955496)
(0.480103 0.3 3.63133)
(0.217886 0.3 0.704246)
(0.163811 0.3 1.11793)
(-0.177745 0.3 1.1699)
(2.06763 0.3 1.98875)
(-2.07727 0.3 1.85642)
(-1.243 0.3 0.428222)
(1.71672 0.3 0.651484)
(0.950199 0.3 0.370976)
(-0.862464 0.3 0.344013)
(-1.59293 0.3 0.504133)
(0.616163 0.3 0.302551)
(2.25491 0.3 1.04463)
(-0.830545 0.3 3.25846)
(-2.02921 0.3 2.615)
(-0.275722 0.3 0.965224)
(-1.4182 0.3 3.22025)
(0.396218 0.3 0.264427)
(-0.460041 0.3 0.268176)
(2.13657 0.3 0.610268)
(2.22477 0.3 2.41768)
(-2.25753 0.3 0.904827)
(0.269631 0.3 0.676995)
(-2.26749 0.3 1.30235)
(-0.327137 0.3 0.23871)
(-1.80225 0.3 3.20808)
(-2.20327 0.3 3.20298)
(2.26201 0.3 1.64404)
(0.653085 0.3 3.30091)
(0.341915 0.3 3.27061)
(-0.0693595 0.3 3.25552)
(1.22209 0.3 3.24435)
(0.322245 0.3 0.243004)
(-0.953765 0.3 0.361177)
(0.83487 0.3 3.26917)
(-2.06543 0.3 2.03986)
(0.468247 0.3 0.273688)
(-1.20826 0.3 3.41609)
(2.21045 0.3 3.01255)
(-0.389048 0.3 0.188517)
(1.60717 0.3 3.22039)
(2.23338 0.3 2.21931)
(-0.415382 0.3 3.25439)
(-1.36078 0.3 0.444321)
(0.776142 0.3 0.249674)
(2.00162 0.3 3.21129)
(-2.25078 0.3 1.61716)
(1.37084 0.3 0.333143)
(2.32913 0.3 1.32399)
(-0.688631 0.3 0.308513)
(-0.605706 0.3 0.297532)
(-2.20725 0.3 2.99981)
(2.2218 0.3 2.61225)
(-2.21285 0.3 2.3954)
(1.15016 0.3 0.300678)
(-2.13485 0.3 0.43822)
(2.28656 0.3 0.668371)
(-1.854 0.3 0.403776)
(1.48241 0.3 0.476068)
(1.9926 0.3 0.5789)
(0.263392 0.3 0.297416)
(-0.265067 0.3 0.347527)
(-0.265609 0.3 0.279918)
(0.266041 0.3 0.798147)
(0.0490041 0.3 1.16219)
(-0.277743 0.3 0.846447)
(0.214209 0.3 1.00463)
(-0.221994 0.3 1.05443)
(-1.04885 0.3 0.379506)
(0.20787 0.3 0.6094)
(1.59597 0.3 0.502387)
(-0.280733 0.3 0.728174)
(-0.0673322 0.3 1.2225)
(0.215235 0.3 0.503352)
(0.214151 0.3 0.40296)
(-2.48856 0.3 1.09923)
(0.223383 0.3 0.901826)
(-2.26296 0.3 0.668657)
(0.130243 0.3 3.25228)
(0.68336 0.3 3.11627)
(-0.233555 0.3 3.10207)
(-1.91158 0.3 1.87808)
(-1.24954 0.3 0.535518)
(1.23303 0.3 3.06543)
(-0.305273 0.3 0.665648)
(2.04709 0.3 2.4282)
(-0.535095 0.3 0.358199)
(1.62149 0.3 3.03069)
(-0.863858 0.3 0.434725)
(0.405745 0.3 0.329905)
(-2.12137 0.3 1.45316)
(0.2634 0.3 0.932467)
(0.261672 0.3 0.463137)
(0.301806 0.3 3.09768)
(-1.22327 0.3 3.22411)
(-2.04299 0.3 2.41109)
(-0.322906 0.3 0.40732)
(2.01853 0.3 3.02017)
(-0.280172 0.3 1.03424)
(1.14481 0.3 0.402577)
(1.37002 0.3 0.448079)
(-1.85288 0.3 0.541747)
(1.98748 0.3 0.726607)
(-0.325799 0.3 0.784461)
(-0.333834 0.3 0.910647)
(2.04758 0.3 2.15702)
(-2.08418 0.3 1.66585)
(0.269423 0.3 0.857617)
(-0.641512 0.3 3.24443)
(2.28104 0.3 0.860533)
(1.02712 0.3 3.25637)
(0.324788 0.3 0.303525)
(-2.05645 0.3 2.22007)
(-2.28983 0.3 1.12967)
(-0.0123308 0.3 3.1024)
(-1.00408 0.3 3.23462)
(-0.394294 0.3 0.25218)
(-0.616483 0.3 0.373103)
(0.264584 0.3 0.617192)
(2.09016 0.3 1.82457)
(2.21772 0.3 2.81092)
(-2.01229 0.3 3.00828)
(0.696257 0.3 0.31945)
(0.860723 0.3 0.350265)
(-2.02013 0.3 2.8059)
(2.2487 0.3 1.20381)
(-1.60937 0.3 3.21328)
(-2.00645 0.3 3.20703)
(0.318191 0.3 0.73652)
(1.04763 0.3 0.386514)
(0.265688 0.3 0.351116)
(-1.47707 0.3 0.464551)
(0.538779 0.3 0.286347)
(-1.72138 0.3 0.513611)
(0.105357 0.3 1.17089)
(-0.226726 0.3 1.11183)
(1.85227 0.3 0.692389)
(-1.14466 0.3 0.40082)
(-0.773615 0.3 0.326046)
(-0.954217 0.3 0.452638)
(0.220497 0.3 1.06389)
(-0.0117111 0.3 1.2229)
(1.47583 0.3 0.597401)
(1.59766 0.3 0.621446)
(-0.125422 0.3 1.22722)
(-0.327721 0.3 0.296486)
(-1.98834 0.3 0.574854)
(0.492741 0.3 3.30337)
(2.13242 0.3 0.777438)
(-2.12418 0.3 0.602949)
(2.26432 0.3 1.46506)
(0.255706 0.3 0.57186)
(0.225336 0.3 1.12532)
(-0.190314 0.3 1.23406)
(-0.0674239 0.3 2.94615)
(1.9294 0.3 1.83518)
(0.948968 0.3 0.46813)
(1.46935 0.3 0.720725)
(-1.03996 0.3 3.0617)
(-0.863366 0.3 0.526613)
(-1.5924 0.3 0.632724)
(0.618733 0.3 0.382307)
(-1.86089 0.3 2.43175)
(-2.11526 0.3 1.0761)
(-0.546667 0.3 0.430776)
(-1.42762 0.3 3.03584)
(-1.84913 0.3 0.682934)
(1.84127 0.3 0.834796)
(1.05766 0.3 3.07663)
(2.02867 0.3 2.82942)
(-1.83002 0.3 2.81895)
(-0.7771 0.3 0.411185)
(-0.287785 0.3 1.09801)
(-0.458001 0.3 0.339887)
(-1.14349 0.3 0.504414)
(2.1108 0.3 1.03618)
(-1.92056 0.3 1.70148)
(2.15865 0.3 1.32136)
(-2.11527 0.3 0.784814)
(-0.463792 0.3 3.07979)
(1.35942 0.3 0.568682)
(-2.11102 0.3 1.25338)
(0.5098 0.3 3.14062)
(0.840299 0.3 3.09315)
(-0.264679 0.3 0.542695)
(0.336734 0.3 0.368389)
(-0.261612 0.3 0.467242)
(2.03516 0.3 2.62106)
(-0.259639 0.3 0.615576)
(1.4126 0.3 3.04653)
(-0.815401 0.3 3.09027)
(1.80843 0.3 3.02585)
(1.90607 0.3 2.00079)
(1.2586 0.3 0.428002)
(-1.61123 0.3 3.01974)
(-1.81995 0.3 3.01821)
(2.11209 0.3 1.67753)
(1.97935 0.3 0.877673)
(0.137663 0.3 3.09085)
(-0.695703 0.3 0.389409)
(1.04629 0.3 0.485634)
(-1.89983 0.3 2.04384)
(-0.387919 0.3 0.314494)
(-1.3633 0.3 0.557158)
(0.776633 0.3 0.33381)
(0.327717 0.3 0.798096)
(-0.343472 0.3 0.845801)
(0.165413 0.3 1.17988)
(-0.23988 0.3 1.17299)
(0.27601 0.3 1.00362)
(0.276074 0.3 0.417734)
(1.58762 0.3 0.750548)
(0.470972 0.3 0.34386)
(0.0452015 0.3 1.21447)
(0.318867 0.3 0.624307)
(0.33798 0.3 0.675697)
(-0.341884 0.3 1.04681)
(-0.350218 0.3 0.980841)
(-1.04706 0.3 0.476233)
(-0.340843 0.3 0.721151)
(-0.0765248 0.3 1.27712)
(2.1238 0.3 0.921963)
(0.270318 0.3 0.521272)
(-0.338385 0.3 0.349491)
(-1.93426 0.3 1.51382)
(2.45801 0.3 1.45269)
(0.54622 0.3 3.45314)
(2.0839 0.3 2.28534)
(0.229151 0.3 1.19026)
(-0.256772 0.3 1.23868)
(-0.900738 0.3 2.88155)
(-1.76823 0.3 1.54573)
(1.77038 0.3 1.84895)
(0.949126 0.3 0.563889)
(1.46503 0.3 0.846085)
(-1.25033 0.3 0.648307)
(0.930424 0.3 2.95217)
(-0.410952 0.3 1.04634)
(0.379272 0.3 0.608263)
(-0.386935 0.3 0.657145)
(0.462754 0.3 2.94404)
(1.43853 0.3 2.87407)
(0.0943231 0.3 2.9291)
(1.8676 0.3 2.4429)
(1.84013 0.3 2.84773)
(-0.465757 0.3 0.407708)
(0.335224 0.3 0.938473)
(-1.75266 0.3 1.8835)
(-1.95264 0.3 1.13039)
(-0.397559 0.3 0.911776)
(0.37527 0.3 0.737202)
(1.24832 0.3 0.537771)
(-1.04375 0.3 0.574349)
(-0.228133 0.3 2.94449)
(0.307775 0.3 0.46811)
(1.84119 0.3 2.14103)
(-1.94734 0.3 1.31741)
(1.35055 0.3 0.691266)
(-1.88542 0.3 2.22056)
(0.331017 0.3 0.867588)
(2.09244 0.3 1.50522)
(-1.44199 0.3 2.85283)
(-0.324478 0.3 0.47549)
(-2.07764 0.3 0.923973)
(-1.65111 0.3 2.84417)
(-1.84504 0.3 2.61241)
(-0.637223 0.3 3.06733)
(0.54216 0.3 0.362112)
(-1.24133 0.3 3.044)
(-0.307222 0.3 1.16513)
(1.05987 0.3 2.9036)
(0.69645 0.3 0.399616)
(0.856839 0.3 0.443399)
(-0.39246 0.3 0.379184)
(-0.318067 0.3 0.599485)
(1.96059 0.3 1.66192)
(-0.695251 0.3 0.472413)
(1.14721 0.3 0.507817)
(-0.619582 0.3 0.449923)
(-0.774234 0.3 0.502247)
(0.102514 0.3 1.233)
(-0.385861 0.3 0.784141)
(-1.47633 0.3 0.58827)
(1.70885 0.3 0.792219)
(-1.72167 0.3 0.641302)
(0.399074 0.3 0.390067)
(0.283152 0.3 1.06923)
(-0.952123 0.3 0.547991)
(-0.0248515 0.3 1.28115)
(1.82562 0.3 0.980052)
(1.98854 0.3 1.0379)
(-0.360641 0.3 1.10853)
(2.09898 0.3 1.16159)
(-0.136817 0.3 1.28977)
(-1.97829 0.3 0.72641)
(0.314373 0.3 0.573277)
(0.336511 0.3 0.421988)
(-0.432848 0.3 1.11746)
(-0.0555969 0.3 2.79691)
(0.892003 0.3 2.77978)
(1.81163 0.3 1.70946)
(-0.775267 0.3 0.590919)
(1.82435 0.3 1.12929)
(1.3401 0.3 0.815161)
(0.615799 0.3 0.464164)
(0.853837 0.3 0.538356)
(-1.59175 0.3 0.762636)
(1.92439 0.3 1.47587)
(-0.469725 0.3 0.478652)
(0.382774 0.3 0.463983)
(-1.71554 0.3 2.24776)
(-1.25801 0.3 2.87476)
(0.397871 0.3 0.874851)
(-1.83565 0.3 0.824442)
(1.13704 0.3 0.614933)
(1.69211 0.3 0.939485)
(-0.947917 0.3 0.643749)
(-1.78119 0.3 1.37316)
(0.625938 0.3 2.96296)
(-0.385876 0.3 0.590173)
(-0.510835 0.3 2.92452)
(-0.327052 0.3 1.23822)
(0.275967 0.3 2.93777)
(1.8539 0.3 2.65095)
(-0.682813 0.3 2.90999)
(0.383676 0.3 0.540161)
(-1.66341 0.3 2.65119)
(-1.73859 0.3 2.05223)
(1.22972 0.3 2.89442)
(-0.39341 0.3 0.44737)
(1.63834 0.3 2.85923)
(-1.76266 0.3 1.72516)
(0.390614 0.3 0.805558)
(-0.332025 0.3 0.541307)
(1.97391 0.3 1.30826)
(0.469764 0.3 0.41404)
(-1.14274 0.3 0.608843)
(-1.9803 0.3 0.99751)
(1.73625 0.3 2.00556)
(-1.3629 0.3 0.669801)
(-0.545511 0.3 0.505735)
(-0.617429 0.3 0.527399)
(1.04203 0.3 0.586556)
(1.23444 0.3 0.656515)
(0.342773 0.3 1.00816)
(0.164861 0.3 1.24556)
(-0.408485 0.3 0.718701)
(0.32973 0.3 0.519996)
(0.398618 0.3 0.676122)
(-0.423835 0.3 0.975151)
(0.767254 0.3 0.41944)
(1.95736 0.3 1.17898)
(0.0348984 0.3 1.27932)
(-0.424214 0.3 0.844057)
(0.29063 0.3 1.1344)
(1.58014 0.3 0.884369)
(-0.378305 0.3 1.17852)
(-0.0677894 0.3 1.33252)
(-0.204339 0.3 1.30171)
(-1.7702 0.3 1.17314)
(-1.96581 0.3 0.871724)
(-0.375728 0.3 2.95098)
(1.92649 0.3 2.27819)
(-1.47385 0.3 0.707907)
(-0.691865 0.3 0.553943)
(0.231644 0.3 1.25811)
(-0.399952 0.3 1.25127)
(-0.534889 0.3 2.75923)
(1.66582 0.3 1.69966)
(-1.63347 0.3 1.40622)
(-1.59478 0.3 1.90935)
(1.34243 0.3 0.936236)
(0.85764 0.3 0.629842)
(0.452524 0.3 0.742473)
(-1.25005 0.3 0.761091)
(1.26906 0.3 2.69479)
(-0.692178 0.3 0.637637)
(-0.451381 0.3 0.776436)
(-1.28428 0.3 2.7041)
(1.6776 0.3 1.07696)
(0.448589 0.3 0.545998)
(1.67497 0.3 2.47486)
(-0.209512 0.3 2.80098)
(-0.44585 0.3 0.649172)
(1.1262 0.3 0.713937)
(1.70007 0.3 2.1279)
(-1.47102 0.3 0.830981)
(0.77062 0.3 0.508115)
(0.609798 0.3 2.82513)
(1.84937 0.3 1.23933)
(-0.461286 0.3 0.904019)
(-0.490078 0.3 1.0437)
(-1.82291 0.3 0.98111)
(0.421929 0.3 2.77644)
(0.0917909 0.3 2.78187)
(-1.56237 0.3 2.09327)
(1.07506 0.3 2.7423)
(-1.47652 0.3 2.66528)
(-1.10097 0.3 2.90981)
(-1.69044 0.3 2.42926)
(1.4635 0.3 2.6998)
(-0.472322 0.3 0.567972)
(-1.62463 0.3 1.5783)
(-0.396306 0.3 0.516827)
(1.66871 0.3 2.68269)
(-0.708886 0.3 2.74759)
(1.61695 0.3 1.85212)
(0.536108 0.3 0.441238)
(0.94631 0.3 0.657155)
(1.45185 0.3 0.970921)
(-1.03836 0.3 0.673597)
(0.459283 0.3 0.813139)
(0.452782 0.3 0.483606)
(1.22232 0.3 0.776501)
(0.455105 0.3 0.610294)
(-0.546493 0.3 0.578306)
(0.404389 0.3 0.945867)
(-1.71816 0.3 0.781003)
(1.78094 0.3 1.54924)
(0.0968964 0.3 1.29982)
(0.35008 0.3 1.07569)
(-0.862573 0.3 0.618317)
(0.296985 0.3 1.20254)
(-0.144246 0.3 1.35956)
(0.741263 0.3 2.76452)
(0.691886 0.3 0.482021)
(-0.451852 0.3 1.1899)
(-0.275868 0.3 1.31002)
(-0.00415936 0.3 1.32291)
(1.81016 0.3 1.3659)
(0.77055 0.3 2.92755)
(1.73264 0.3 2.26055)
(1.56026 0.3 1.01733)
(-1.14269 0.3 0.716441)
(0.301793 0.3 1.27367)
(-0.196448 0.3 2.66087)
(-0.475348 0.3 1.26513)
(-0.564829 0.3 2.60779)
(1.51297 0.3 1.70716)
(-1.48835 0.3 1.46613)
(1.22506 0.3 0.888654)
(-1.4408 0.3 1.9283)
(-1.14324 0.3 0.823394)
(0.744795 0.3 2.61543)
(1.32706 0.3 1.05644)
(0.860508 0.3 0.740768)
(0.52358 0.3 0.742083)
(-0.853987 0.3 0.708772)
(-1.30679 0.3 2.53273)
(0.620315 0.3 0.540059)
(-0.86669 0.3 2.71701)
(1.10426 0.3 2.57111)
(1.57551 0.3 2.31615)
(0.766962 0.3 0.600713)
(-0.52522 0.3 0.649686)
(-1.58906 0.3 0.895827)
(1.54531 0.3 1.1434)
(1.66143 0.3 1.39698)
(-1.07293 0.3 2.74845)
(0.524933 0.3 0.540193)
(1.50183 0.3 2.51925)
(-1.48016 0.3 2.45566)
(-1.54071 0.3 2.29128)
(1.7017 0.3 1.23125)
(0.229804 0.3 2.7875)
(-0.37096 0.3 2.79477)
(0.576835 0.3 2.65316)
(1.63604 0.3 1.55275)
(-1.67158 0.3 1.01928)
(-0.0525995 0.3 2.65345)
(-1.61367 0.3 1.7312)
(1.58638 0.3 2.00064)
(-0.944372 0.3 0.740636)
(0.16202 0.3 1.31529)
(-0.485625 0.3 0.713621)
(0.472218 0.3 0.676847)
(-0.510587 0.3 1.11384)
(-0.615886 0.3 0.60451)
(0.46788 0.3 0.882118)
(-1.35939 0.3 0.790982)
(-0.500732 0.3 0.968296)
(0.411674 0.3 1.01596)
(-0.774022 0.3 0.676169)
(0.358755 0.3 1.14453)
(1.02384 0.3 0.686511)
(1.11374 0.3 0.824397)
(0.689495 0.3 0.565176)
(-0.219159 0.3 1.37464)
(-1.63177 0.3 1.265)
(-0.349893 0.3 1.31728)
(-0.495585 0.3 0.833235)
(0.04292 0.3 1.33007)
(-0.0726165 0.3 1.40835)
(-1.71321 0.3 0.906227)
(-1.03938 0.3 0.77691)
(0.617577 0.3 2.50977)
(-0.19077 0.3 2.52474)
(1.22438 0.3 0.997828)
(-1.03939 0.3 0.88108)
(-1.48737 0.3 1.3065)
(-1.35329 0.3 0.907177)
(-0.766422 0.3 0.76222)
(0.766447 0.3 0.69279)
(-0.551384 0.3 0.720655)
(-1.46287 0.3 1.76362)
(1.41871 0.3 2.35681)
(0.555404 0.3 0.679873)
(-1.1297 0.3 2.56991)
(1.02305 0.3 0.786789)
(0.290799 0.3 2.63702)
(-0.313234 0.3 2.67244)
(1.21536 0.3 2.50952)
(-1.48095 0.3 1.59553)
(-1.53287 0.3 1.03227)
(0.90108 0.3 2.60849)
(0.100164 0.3 2.63443)
(1.51995 0.3 1.4228)
(1.53819 0.3 1.28924)
(1.49557 0.3 1.56306)
(0.434749 0.3 2.63096)
(-1.42203 0.3 2.0763)
(1.4734 0.3 1.85828)
(-0.712095 0.3 2.59358)
(-0.848241 0.3 0.802854)
(0.532389 0.3 0.814478)
(0.231163 0.3 1.33108)
(1.56483 0.3 2.1526)
(-0.148144 0.3 1.43469)
(-0.533277 0.3 1.1882)
(0.603576 0.3 0.614861)
(-0.557394 0.3 1.03574)
(1.11568 0.3 0.927828)
(-1.24786 0.3 0.868789)
(0.476079 0.3 0.954144)
(-0.535426 0.3 0.893194)
(0.523574 0.3 0.615242)
(0.420684 0.3 1.08615)
(-0.612795 0.3 0.68771)
(0.368335 0.3 1.21731)
(-1.39475 0.3 2.3075)
(-0.293799 0.3 1.38644)
(0.0908199 0.3 1.3718)
(0.684371 0.3 0.646311)
(1.43345 0.3 1.09804)
(0.949183 0.3 0.753688)
(-0.427025 0.3 1.32788)
(-0.000528574 0.3 1.37755)
(-1.45937 0.3 0.936991)
(-0.687466 0.3 0.72696)
(-0.940737 0.3 0.836949)
(-0.523598 0.3 0.77563)
(0.304676 0.3 1.34829)
(-0.071026 0.3 1.48819)
(-0.507231 0.3 1.34216)
(-0.576351 0.3 2.46574)
(0.207992 0.3 2.48232)
(1.11078 0.3 1.03782)
(-1.37645 0.3 1.40997)
(-1.31862 0.3 1.78396)
(-0.938571 0.3 0.937319)
(-1.24014 0.3 0.980403)
(1.38932 0.3 1.46058)
(0.763337 0.3 0.777101)
(1.21235 0.3 1.1102)
(0.93451 0.3 2.44681)
(1.40239 0.3 2.19781)
(-0.75881 0.3 0.853263)
(0.584911 0.3 0.744704)
(1.37724 0.3 1.72795)
(-0.839682 0.3 2.56734)
(-0.319348 0.3 2.54615)
(1.41684 0.3 1.21646)
(0.479893 0.3 2.49788)
(0.91725 0.3 0.843202)
(0.765698 0.3 2.4767)
(1.43598 0.3 2.01271)
(-1.49885 0.3 1.15964)
(1.10264 0.3 2.41163)
(0.0733464 0.3 1.44064)
(-0.0511968 0.3 2.51598)
(-1.29633 0.3 1.93057)
(0.671449 0.3 0.739636)
(-0.604784 0.3 0.773369)
(1.01196 0.3 0.891615)
(-0.558455 0.3 1.26814)
(0.541235 0.3 0.887799)
(0.155917 0.3 1.38832)
(-0.590682 0.3 1.10755)
(-1.13995 0.3 0.930067)
(-0.227357 0.3 1.45258)
(-0.583928 0.3 0.956908)
(0.483957 0.3 1.02738)
(0.431677 0.3 1.15907)
(-1.14405 0.3 2.40945)
(0.37645 0.3 1.29161)
(-0.970134 0.3 2.58204)
(-0.556876 0.3 0.830904)
(-0.370995 0.3 1.39691)
(0.619942 0.3 0.685077)
(-0.426628 0.3 2.64299)
(-0.685458 0.3 0.814474)
(-1.33431 0.3 1.63724)
(1.35549 0.3 2.52169)
(0.000992883 0.3 1.46249)
(1.30665 0.3 1.16908)
(0.381852 0.3 1.3704)
(0.608848 0.3 2.36577)
(-0.187252 0.3 2.39222)
(1.11509 0.3 1.15142)
(-0.592504 0.3 1.35223)
(-1.20165 0.3 1.65876)
(0.956921 0.3 2.2995)
(0.150521 0.3 1.46635)
(1.28683 0.3 2.03987)
(0.910035 0.3 0.941259)
(-0.635692 0.3 1.02918)
(-1.12932 0.3 1.03905)
(0.684733 0.3 0.825593)
(-1.2782 0.3 2.07397)
(1.19674 0.3 1.22487)
(1.33156 0.3 1.86817)
(0.0811483 0.3 2.50384)
(-0.696833 0.3 0.88624)
(1.36507 0.3 1.5956)
(-1.1832 0.3 1.79339)
(-0.70943 0.3 2.44606)
(-0.98836 0.3 2.42763)
(-1.36469 0.3 1.18429)
(-1.34382 0.3 1.30716)
(1.26474 0.3 2.3519)
(1.004 0.3 1.0029)
(-1.37426 0.3 1.03598)
(0.229402 0.3 1.40778)
(-0.151806 0.3 1.51599)
(-0.617994 0.3 1.18438)
(-0.847206 0.3 0.895375)
(0.605623 0.3 0.81641)
(-1.62085 0.3 1.13735)
(-1.03456 0.3 0.984711)
(0.548309 0.3 0.964503)
(1.29457 0.3 1.28469)
(-0.307148 0.3 1.467)
(-0.000508901 0.3 1.54675)
(0.495748 0.3 1.10205)
(-0.441725 0.3 2.49968)
(0.345019 0.3 2.49265)
(0.443902 0.3 1.23624)
(0.823726 0.3 0.826183)
(1.40877 0.3 1.34716)
(-0.453242 0.3 1.40962)
(-0.619475 0.3 0.873214)
(0.788501 0.3 2.32262)
(-1.29123 0.3 2.36388)
(0.657847 0.3 2.21158)
(0.106513 0.3 2.3948)
(-0.575225 0.3 2.33001)
(1.0816 0.3 1.26208)
(0.902284 0.3 1.04455)
(-1.07552 0.3 1.667)
(-1.02415 0.3 1.08876)
(1.18661 0.3 1.89415)
(-0.843793 0.3 0.989838)
(-1.2247 0.3 1.31981)
(0.22965 0.3 1.48731)
(0.812574 0.3 0.915144)
(-0.995807 0.3 2.28107)
(1.27257 0.3 1.48418)
(-0.0438777 0.3 2.37891)
(0.825204 0.3 2.17753)
(-1.14125 0.3 2.24678)
(-1.24484 0.3 1.10032)
(0.466842 0.3 2.36095)
(1.1072 0.3 2.25778)
(1.21853 0.3 2.16765)
(-0.319351 0.3 2.40302)
(-1.13965 0.3 1.93989)
(1.00452 0.3 1.12115)
(1.24347 0.3 1.72343)
(-0.844165 0.3 2.43594)
(-0.0736381 0.3 1.57086)
(-0.646655 0.3 1.26681)
(0.619023 0.3 0.886247)
(-0.757674 0.3 0.940837)
(0.306423 0.3 1.42801)
(-0.676844 0.3 1.09865)
(-0.234989 0.3 1.53556)
(1.19656 0.3 1.36035)
(-1.20653 0.3 1.52864)
(0.56017 0.3 1.04122)
(-0.389553 0.3 1.48053)
(0.069309 0.3 1.52247)
(0.509611 0.3 1.17933)
(0.455029 0.3 1.31386)
(0.192362 0.3 2.354)
(-0.673555 0.3 0.953614)
(-0.537381 0.3 1.42621)
(-1.29217 0.3 2.20182)
(0.755208 0.3 0.867348)
(-0.933451 0.3 1.03825)
(0.463945 0.3 1.39692)
(-0.177671 0.3 2.27172)
(0.684073 0.3 2.07744)
(1.06079 0.3 1.37576)
(-0.626549 0.3 1.44025)
(0.902537 0.3 1.1445)
(-1.088 0.3 1.54765)
(1.09809 0.3 1.75797)
(-0.924176 0.3 1.13956)
(0.803068 0.3 1.01406)
(0.0738991 0.3 2.26772)
(-0.851987 0.3 2.29182)
(0.312329 0.3 1.50982)
(1.14177 0.3 2.02213)
(-1.00294 0.3 2.12931)
(0.987794 0.3 2.15306)
(0.507393 0.3 2.20603)
(-1.05163 0.3 1.7968)
(-0.716297 0.3 2.31324)
(0.308835 0.3 2.36)
(-1.14245 0.3 2.09862)
(1.2352 0.3 1.58818)
(-1.12872 0.3 1.14914)
(0.146122 0.3 1.54995)
(-0.0149856 0.3 1.61964)
(-0.682904 0.3 1.35644)
(0.633643 0.3 0.969615)
(-0.445492 0.3 2.35936)
(-0.704363 0.3 1.17732)
(-0.158283 0.3 1.60109)
(-0.320078 0.3 1.55196)
(-1.24971 0.3 1.42478)
(-0.741582 0.3 1.02701)
(0.682936 0.3 0.898846)
(-1.23619 0.3 1.22246)
(0.969474 0.3 1.23203)
(0.573884 0.3 1.11976)
(0.388364 0.3 1.4525)
(-0.475532 0.3 1.49672)
(0.523108 0.3 1.25814)
(1.09525 0.3 2.12344)
(-0.838551 0.3 1.07815)
(-1.35605 0.3 1.51038)
(1.31236 0.3 1.38739)
(0.733083 0.3 0.951189)
(-1.43734 0.3 2.20296)
(-0.583665 0.3 2.1995)
(0.473898 0.3 1.48166)
(0.947437 0.3 1.34539)
(-0.721542 0.3 1.4491)
(0.801796 0.3 1.11568)
(-1.12255 0.3 1.26819)
(0.357435 0.3 2.22977)
(-0.978173 0.3 1.55398)
(-0.867363 0.3 2.15609)
(1.11843 0.3 1.61998)
(1.0218 0.3 2.01976)
(-1.01057 0.3 1.89799)
(0.809684 0.3 2.05518)
(-1.1278 0.3 1.40201)
(0.208097 0.3 2.24401)
(-0.817619 0.3 1.18185)
(1.16633 0.3 1.48432)
(-0.0607366 0.3 2.26386)
(-0.954638 0.3 1.6706)
(-0.30563 0.3 2.26873)
(1.05734 0.3 1.8906)
(0.867788 0.3 1.24379)
(-0.741139 0.3 1.26687)
(-0.0796049 0.3 1.65746)
(0.225907 0.3 1.57442)
(0.720207 0.3 1.03741)
(-0.245509 0.3 1.62259)
(0.39789 0.3 1.53688)
(-1.02274 0.3 1.19106)
(0.642139 0.3 1.0709)
(-0.407781 0.3 1.5686)
(0.589346 0.3 1.20069)
(-1.01167 0.3 2.00149)
(-0.564748 0.3 1.51541)
(0.53729 0.3 1.34172)
(-0.758848 0.3 1.10548)
(0.0611406 0.3 1.61338)
(0.24313 0.3 2.11881)
(0.486782 0.3 1.57024)
(-0.181705 0.3 2.15194)
(1.00931 0.3 1.64033)
(0.684691 0.3 1.955)
(0.839122 0.3 1.35061)
(-0.88605 0.3 2.03379)
(-0.826582 0.3 1.28514)
(0.748302 0.3 1.21688)
(-1.00021 0.3 1.42647)
(0.956219 0.3 1.45326)
(-0.0224728 0.3 2.14773)
(-0.866686 0.3 1.55841)
(-0.730881 0.3 2.18087)
(0.378029 0.3 2.10727)
(-1.00884 0.3 1.3127)
(-0.44835 0.3 2.2319)
(-0.934364 0.3 1.78999)
(0.972134 0.3 1.76189)
(0.940134 0.3 1.902)
(1.04278 0.3 1.52374)
(0.308438 0.3 1.60101)
(0.142716 0.3 1.6347)
(0.0028895 0.3 1.69707)
(-0.165731 0.3 1.68926)
(0.637506 0.3 1.14681)
(-0.334913 0.3 1.64181)
(-0.77899 0.3 1.36208)
(-0.498318 0.3 1.58751)
(-0.665427 0.3 1.53766)
(0.607843 0.3 1.27791)
(0.550538 0.3 1.42816)
(0.704094 0.3 1.13417)
(-0.918005 0.3 1.24407)
(0.919575 0.3 2.04127)
(-0.450216 0.3 2.10266)
(0.108324 0.3 1.71486)
(0.88386 0.3 1.6537)
(-0.0722596 0.3 2.0255)
(0.278795 0.3 1.9908)
(-0.752611 0.3 2.05439)
(0.848974 0.3 1.45743)
(0.576562 0.3 1.96341)
(0.75265 0.3 1.31453)
(0.119221 0.3 2.13317)
(-0.310998 0.3 2.14105)
(0.477905 0.3 2.07893)
(-0.897023 0.3 1.36629)
(0.847652 0.3 1.77449)
(-0.841592 0.3 1.6681)
(0.664256 0.3 1.20922)
(-0.0789749 0.3 1.75094)
(0.807144 0.3 1.93273)
(0.395431 0.3 1.63057)
(-0.766504 0.3 1.55325)
(-0.906626 0.3 1.90798)
(0.218825 0.3 1.66346)
(-0.258029 0.3 1.71445)
(-0.427423 0.3 1.66102)
(-0.595892 0.3 1.61157)
(0.646575 0.3 1.36125)
(0.929443 0.3 1.54889)
(0.563851 0.3 1.51728)
(-0.823752 0.3 1.45646)
(-0.608747 0.3 2.07112)
(-0.485542 0.3 1.98041)
(0.489999 0.3 1.66677)
(0.21018 0.3 1.77919)
(0.765981 0.3 1.64696)
(-0.636793 0.3 1.95435)
(0.0533294 0.3 2.01743)
(0.577185 0.3 1.84128)
(0.397771 0.3 2.00358)
(-0.715928 0.3 1.66187)
(0.744843 0.3 1.41176)
(-0.22023 0.3 2.03113)
(-0.777639 0.3 1.92857)
(-0.792539 0.3 1.79518)
(0.00833215 0.3 1.81013)
(0.168063 0.3 2.03868)
(-0.169472 0.3 1.79046)
(0.305063 0.3 1.69866)
(-0.351742 0.3 1.73626)
(0.833744 0.3 1.5665)
(-0.913168 0.3 1.47232)
(-0.523056 0.3 1.68293)
(0.707316 0.3 1.78763)
(0.650594 0.3 1.46665)
(0.578611 0.3 1.61143)
(0.56439 0.3 2.07907)
(-0.357902 0.3 2.01494)
(0.683925 0.3 1.27596)
(0.333981 0.3 1.80683)
(-0.40808 0.3 1.91976)
(-0.509146 0.3 1.86541)
(-0.700495 0.3 1.75647)
(-0.167406 0.3 1.90563)
(0.587412 0.3 1.72102)
(0.750239 0.3 1.51754)
(-0.0345617 0.3 1.91986)
(0.0563678 0.3 1.90285)
(0.250455 0.3 1.87846)
(0.406395 0.3 1.73327)
(-0.271117 0.3 1.8115)
(0.108902 0.3 1.83365)
(-0.625002 0.3 1.72123)
(-0.454936 0.3 1.75965)
(-0.0884164 0.3 1.8354)
(0.466255 0.3 1.85506)
(-0.299128 0.3 1.9196)
(0.47601 0.3 1.97928)
(0.664637 0.3 1.56893)
(-0.660949 0.3 1.83258)
(0.505449 0.3 1.76348)
(0.367211 0.3 1.919)
(-0.382358 0.3 1.83536)
(-0.554618 0.3 1.77236)
(0.665864 0.3 1.66335)
(0.145837 0.3 1.93318)
(0.178843 0.3 1.85612)
)


// ************************************************************************* //
